0,0,0.0
0,0,0.0
0,0,0.0
0,0,0.0
0,0,0.0
0,0,0.0
0,0,0.0
0,0,0.0
0,0,0.0
0,0,0.0
0,0,0.0
0,0,0.0
0,0,0.0
0,0,0.0
0,0,0.0
0,0,0.0
0,0,0.0
0,0,0.0
0,0,0.0
0,0,0.0
0,0,0.0
0,0,0.0
0,0,0.0
0,0,0.0
0,0,0.0
0,0,0.0
0,0,0.0
0,0,0.0
0,0,0.0
0,0,0.0
0,0,0.0
0,0,0.0
0,0,0.0
0,0,0.0
0,0,0.0
0,0,0.0
0,0,0.0
0,0,0.0
0,0,0.0
0,0,0.0
0,0,0.0
0,0,0.0
0,0,0.0
0,0,0.0
0,0,0.0
0,0,0.0
0,0,0.0
0,0,0.0
0,0,0.0
0,0,0.0
0,0,0.0
0,0,0.0
0,0,0.0
0,0,0.0
0,0,0.0
0,0,0.0
0,0,0.0
0,0,0.0
0,0,0.0
0,0,0.0
0,0,0.0
0,0,0.0
0,0,0.0
0,0,0.0
1,1,1.5590909179347823
0,0,0.0
1,1,1.2146701649892329
0,0,0.0
0,0,0.0
0,0,0.0
0,0,0.0
0,0,0.0
0,0,0.0
0,0,0.0
0,0,0.0
0,0,0.0
0,0,0.0
0,0,0.0
0,0,0.0
0,0,0.0
0,0,0.0
0,0,0.0
0,0,0.0
0,0,0.0
0,0,0.0
0,0,0.0
0,0,0.0
0,0,0.0
0,0,0.0
0,0,0.0
0,0,0.0
0,0,0.0
0,0,0.0
0,0,0.0
0,0,0.0
0,0,0.0
0,0,0.0
1,2,3.0228985669991113
0,0,0.0
0,0,0.0
0,0,0.0
0,0,0.0
0,0,0.0
0,0,0.0
0,0,0.0
0,0,0.0
0,0,0.0
0,0,0.0
0,0,0.0
0,0,0.0
0,0,0.0
0,0,0.0
0,0,0.0
0,0,0.0
0,0,0.0
0,0,0.0
0,0,0.0
0,0,0.0
0,0,0.0
0,0,0.0
0,0,0.0
0,0,0.0
0,0,0.0
0,0,0.0
0,0,0.0
0,0,0.0
0,0,0.0
0,0,0.0
0,0,0.0
0,0,0.0
0,0,0.0
0,0,0.0
0,0,0.0
0,0,0.0
0,0,0.0
0,0,0.0
0,0,0.0
0,0,0.0
0,0,0.0
0,0,0.0
0,0,0.0
0,0,0.0
0,0,0.0
0,0,0.0
0,0,0.0
0,0,0.0
0,0,0.0
0,0,0.0
0,0,0.0
0,0,0.0
0,0,0.0
0,0,0.0
0,0,0.0
0,0,0.0
0,0,0.0
0,0,0.0
0,0,0.0
0,0,0.0
0,0,0.0
0,0,0.0
0,0,0.0
0,0,0.0
0,0,0.0
0,0,0.0
0,0,0.0
0,0,0.0
0,0,0.0
0,0,0.0
0,0,0.0
0,0,0.0
0,0,0.0
0,0,0.0
0,0,0.0
0,0,0.0
0,0,0.0
0,0,0.0
0,0,0.0
0,0,0.0
0,0,0.0
0,0,0.0
0,0,0.0
0,0,0.0
0,0,0.0
0,0,0.0
0,0,0.0
0,0,0.0
0,0,0.0
0,0,0.0
0,0,0.0
0,0,0.0
0,0,0.0
0,0,0.0
0,0,0.0
0,0,0.0
0,0,0.0
0,0,0.0
0,0,0.0
0,0,0.0
0,0,0.0
0,0,0.0
0,0,0.0
0,0,0.0
0,0,0.0
0,0,0.0
0,0,0.0
0,0,0.0
0,0,0.0
0,0,0.0
0,0,0.0
0,0,0.0
0,0,0.0
0,0,0.0
0,0,0.0
0,0,0.0
0,0,0.0
0,0,0.0
0,0,0.0
0,0,0.0
0,0,0.0
0,0,0.0
0,0,0.0
0,0,0.0
0,0,0.0
0,0,0.0
1,1,0.83209218999852
0,0,0.0
0,0,0.0
0,0,0.0
0,0,0.0
0,0,0.0
0,0,0.0
0,0,0.0
0,0,0.0
0,0,0.0
0,0,0.0
0,0,0.0
0,0,0.0
0,0,0.0
0,0,0.0
0,0,0.0
0,0,0.0
0,0,0.0
0,0,0.0
0,0,0.0
0,0,0.0
0,0,0.0
0,0,0.0
0,0,0.0
0,0,0.0
0,0,0.0
1,1,0.9333014495770047
0,0,0.0
0,0,0.0
0,0,0.0
0,0,0.0
0,0,0.0
0,0,0.0
0,0,0.0
0,0,0.0
0,0,0.0
0,0,0.0
0,0,0.0
0,0,0.0
0,0,0.0
0,0,0.0
0,0,0.0
0,0,0.0
0,0,0.0
0,0,0.0
0,0,0.0
0,0,0.0
0,0,0.0
0,0,0.0
0,0,0.0
0,0,0.0
0,0,0.0
0,0,0.0
0,0,0.0
0,0,0.0
0,0,0.0
0,0,0.0
0,0,0.0
0,0,0.0
0,0,0.0
0,0,0.0
0,0,0.0
0,0,0.0
0,0,0.0
0,0,0.0
0,0,0.0
0,0,0.0
0,0,0.0
0,0,0.0
0,0,0.0
0,0,0.0
0,0,0.0
0,0,0.0
0,0,0.0
0,0,0.0
0,0,0.0
0,0,0.0
0,0,0.0
0,0,0.0
0,0,0.0
0,0,0.0
0,0,0.0
0,0,0.0
0,0,0.0
0,0,0.0
0,0,0.0
0,0,0.0
0,0,0.0
0,0,0.0
0,0,0.0
0,0,0.0
0,0,0.0
0,0,0.0
0,0,0.0
0,0,0.0
0,0,0.0
0,0,0.0
0,0,0.0
0,0,0.0
0,0,0.0
0,0,0.0
0,0,0.0
0,0,0.0
0,0,0.0
0,0,0.0
0,0,0.0
0,0,0.0
0,0,0.0
0,0,0.0
0,0,0.0
0,0,0.0
0,0,0.0
0,0,0.0
0,0,0.0
0,0,0.0
0,0,0.0
0,0,0.0
0,0,0.0
0,0,0.0
0,0,0.0
0,0,0.0
0,0,0.0
0,0,0.0
0,0,0.0
0,0,0.0
0,0,0.0
0,0,0.0
0,0,0.0
0,0,0.0
0,0,0.0
0,0,0.0
0,0,0.0
0,0,0.0
0,0,0.0
0,0,0.0
0,0,0.0
0,0,0.0
0,0,0.0
0,0,0.0
0,0,0.0
0,0,0.0
0,0,0.0
0,0,0.0
0,0,0.0
0,0,0.0
0,0,0.0
0,0,0.0
0,0,0.0
0,0,0.0
0,0,0.0
0,0,0.0
0,0,0.0
0,0,0.0
0,0,0.0
0,0,0.0
1,1,1.7958800173440752
0,0,0.0
0,0,0.0
0,0,0.0
0,0,0.0
0,0,0.0
0,0,0.0
0,0,0.0
0,0,0.0
0,0,0.0
0,0,0.0
0,0,0.0
0,0,0.0
0,0,0.0
0,0,0.0
0,0,0.0
0,0,0.0
0,0,0.0
0,0,0.0
0,0,0.0
0,0,0.0
0,0,0.0
0,0,0.0
0,0,0.0
0,0,0.0
0,0,0.0
0,0,0.0
0,0,0.0
0,0,0.0
0,0,0.0
0,0,0.0
0,0,0.0
0,0,0.0
1,1,1.5346171485515816
0,0,0.0
0,0,0.0
0,0,0.0
0,0,0.0
0,0,0.0
0,0,0.0
0,0,0.0
0,0,0.0
0,0,0.0
0,0,0.0
0,0,0.0
0,0,0.0
0,0,0.0
0,0,0.0
0,0,0.0
0,0,0.0
0,0,0.0
0,0,0.0
0,0,0.0
0,0,0.0
0,0,0.0
0,0,0.0
0,0,0.0
0,0,0.0
0,0,0.0
0,0,0.0
0,0,0.0
0,0,0.0
0,0,0.0
0,0,0.0
0,0,0.0
0,0,0.0
0,0,0.0
0,0,0.0
0,0,0.0
0,0,0.0
0,0,0.0
0,0,0.0
0,0,0.0
0,0,0.0
0,0,0.0
0,0,0.0
0,0,0.0
0,0,0.0
0,0,0.0
0,0,0.0
0,0,0.0
0,0,0.0
0,0,0.0
0,0,0.0
0,0,0.0
0,0,0.0
0,0,0.0
0,0,0.0
0,0,0.0
0,0,0.0
0,0,0.0
0,0,0.0
0,0,0.0
0,0,0.0
0,0,0.0
0,0,0.0
0,0,0.0
0,0,0.0
0,0,0.0
0,0,0.0
0,0,0.0
0,0,0.0
0,0,0.0
0,0,0.0
0,0,0.0
0,0,0.0
0,0,0.0
0,0,0.0
0,0,0.0
0,0,0.0
0,0,0.0
0,0,0.0
0,0,0.0
0,0,0.0
0,0,0.0
0,0,0.0
0,0,0.0
1,3,7.658525905973342
0,0,0.0
0,0,0.0
1,1,0.5266590358140646
0,0,0.0
0,0,0.0
0,0,0.0
0,0,0.0
0,0,0.0
0,0,0.0
1,1,1.2660007134616131
0,0,0.0
0,0,0.0
0,0,0.0
0,0,0.0
0,0,0.0
0,0,0.0
0,0,0.0
0,0,0.0
0,0,0.0
0,0,0.0
0,0,0.0
0,0,0.0
0,0,0.0
0,0,0.0
1,1,1.473660722610156
0,0,0.0
0,0,0.0
0,0,0.0
0,0,0.0
0,0,0.0
0,0,0.0
0,0,0.0
0,0,0.0
0,0,0.0
0,0,0.0
0,0,0.0
0,0,0.0
0,0,0.0
0,0,0.0
0,0,0.0
0,0,0.0
0,0,0.0
0,0,0.0
0,0,0.0
0,0,0.0
0,0,0.0
0,0,0.0
0,0,0.0
0,0,0.0
0,0,0.0
0,0,0.0
0,0,0.0
0,0,0.0
0,0,0.0
0,0,0.0
0,0,0.0
0,0,0.0
0,0,0.0
0,0,0.0
0,0,0.0
0,0,0.0
0,0,0.0
0,0,0.0
0,0,0.0
0,0,0.0
0,0,0.0
0,0,0.0
0,0,0.0
0,0,0.0
0,0,0.0
0,0,0.0
0,0,0.0
0,0,0.0
0,0,0.0
0,0,0.0
0,0,0.0
0,0,0.0
0,0,0.0
0,0,0.0
0,0,0.0
0,0,0.0
0,0,0.0
0,0,0.0
0,0,0.0
0,0,0.0
0,0,0.0
0,0,0.0
0,0,0.0
0,0,0.0
0,0,0.0
0,0,0.0
0,0,0.0
0,0,0.0
0,0,0.0
0,0,0.0
0,0,0.0
0,0,0.0
0,0,0.0
0,0,0.0
1,1,2.6989700043360187
0,0,0.0
0,0,0.0
0,0,0.0
0,0,0.0
0,0,0.0
0,0,0.0
0,0,0.0
0,0,0.0
0,0,0.0
0,0,0.0
0,0,0.0
0,0,0.0
0,0,0.0
0,0,0.0
0,0,0.0
0,0,0.0
0,0,0.0
0,0,0.0
0,0,0.0
0,0,0.0
0,0,0.0
0,0,0.0
0,0,0.0
0,0,0.0
0,0,0.0
0,0,0.0
0,0,0.0
0,0,0.0
0,0,0.0
0,0,0.0
0,0,0.0
0,0,0.0
0,0,0.0
0,0,0.0
0,0,0.0
0,0,0.0
0,0,0.0
0,0,0.0
0,0,0.0
0,0,0.0
0,0,0.0
0,0,0.0
0,0,0.0
0,0,0.0
0,0,0.0
0,0,0.0
0,0,0.0
0,0,0.0
0,0,0.0
0,0,0.0
0,0,0.0
0,0,0.0
0,0,0.0
0,0,0.0
0,0,0.0
0,0,0.0
0,0,0.0
0,0,0.0
0,0,0.0
0,0,0.0
0,0,0.0
0,0,0.0
0,0,0.0
0,0,0.0
0,0,0.0
0,0,0.0
0,0,0.0
0,0,0.0
0,0,0.0
0,0,0.0
0,0,0.0
0,0,0.0
0,0,0.0
0,0,0.0
0,0,0.0
0,0,0.0
0,0,0.0
0,0,0.0
0,0,0.0
0,0,0.0
0,0,0.0
0,0,0.0
0,0,0.0
0,0,0.0
0,0,0.0
0,0,0.0
0,0,0.0
0,0,0.0
0,0,0.0
0,0,0.0
0,0,0.0
0,0,0.0
0,0,0.0
0,0,0.0
0,0,0.0
0,0,0.0
0,0,0.0
0,0,0.0
0,0,0.0
0,0,0.0
0,0,0.0
1,1,1.2596373105057561
0,0,0.0
0,0,0.0
0,0,0.0
0,0,0.0
0,0,0.0
0,0,0.0
0,0,0.0
1,1,2.5850266520291822
0,0,0.0
0,0,0.0
0,0,0.0
0,0,0.0
0,0,0.0
0,0,0.0
0,0,0.0
0,0,0.0
0,0,0.0
0,0,0.0
0,0,0.0
0,0,0.0
0,0,0.0
0,0,0.0
0,0,0.0
0,0,0.0
0,0,0.0
0,0,0.0
0,0,0.0
0,0,0.0
0,0,0.0
0,0,0.0
0,0,0.0
0,0,0.0
0,0,0.0
0,0,0.0
0,0,0.0
0,0,0.0
0,0,0.0
0,0,0.0
0,0,0.0
0,0,0.0
0,0,0.0
0,0,0.0
0,0,0.0
0,0,0.0
0,0,0.0
0,0,0.0
0,0,0.0
0,0,0.0
0,0,0.0
0,0,0.0
0,0,0.0
0,0,0.0
0,0,0.0
0,0,0.0
0,0,0.0
0,0,0.0
0,0,0.0
0,0,0.0
0,0,0.0
0,0,0.0
0,0,0.0
0,0,0.0
0,0,0.0
0,0,0.0
0,0,0.0
0,0,0.0
0,0,0.0
0,0,0.0
0,0,0.0
0,0,0.0
0,0,0.0
0,0,0.0
0,0,0.0
0,0,0.0
0,0,0.0
0,0,0.0
0,0,0.0
0,0,0.0
0,0,0.0
0,0,0.0
0,0,0.0
0,0,0.0
0,0,0.0
0,0,0.0
0,0,0.0
0,0,0.0
0,0,0.0
0,0,0.0
0,0,0.0
0,0,0.0
0,0,0.0
0,0,0.0
0,0,0.0
1,1,1.393618634889395
0,0,0.0
0,0,0.0
0,0,0.0
0,0,0.0
0,0,0.0
0,0,0.0
0,0,0.0
0,0,0.0
0,0,0.0
0,0,0.0
0,0,0.0
0,0,0.0
0,0,0.0
0,0,0.0
0,0,0.0
0,0,0.0
0,0,0.0
0,0,0.0
0,0,0.0
0,0,0.0
0,0,0.0
0,0,0.0
0,0,0.0
0,0,0.0
0,0,0.0
0,0,0.0
0,0,0.0
0,0,0.0
0,0,0.0
0,0,0.0
0,0,0.0
0,0,0.0
0,0,0.0
0,0,0.0
0,0,0.0
0,0,0.0
0,0,0.0
0,0,0.0
0,0,0.0
0,0,0.0
0,0,0.0
0,0,0.0
0,0,0.0
0,0,0.0
0,0,0.0
0,0,0.0
0,0,0.0
0,0,0.0
0,0,0.0
0,0,0.0
0,0,0.0
0,0,0.0
0,0,0.0
0,0,0.0
0,0,0.0
0,0,0.0
0,0,0.0
0,0,0.0
0,0,0.0
0,0,0.0
0,0,0.0
0,0,0.0
0,0,0.0
0,0,0.0
0,0,0.0
0,0,0.0
0,0,0.0
0,0,0.0
0,0,0.0
0,0,0.0
1,1,2.42021640338319
0,0,0.0
0,0,0.0
0,0,0.0
0,0,0.0
0,0,0.0
0,0,0.0
0,0,0.0
0,0,0.0
0,0,0.0
0,0,0.0
0,0,0.0
0,0,0.0
0,0,0.0
0,0,0.0
0,0,0.0
0,0,0.0
0,0,0.0
0,0,0.0
0,0,0.0
0,0,0.0
0,0,0.0
0,0,0.0
0,0,0.0
0,0,0.0
0,0,0.0
0,0,0.0
0,0,0.0
0,0,0.0
0,0,0.0
0,0,0.0
0,0,0.0
1,2,2.23381328284862
0,0,0.0
0,0,0.0
1,2,1.764132329920717
0,0,0.0
0,0,0.0
0,0,0.0
0,0,0.0
0,0,0.0
0,0,0.0
1,1,2.0177287669604316
0,0,0.0
0,0,0.0
0,0,0.0
0,0,0.0
0,0,0.0
0,0,0.0
0,0,0.0
0,0,0.0
0,0,0.0
0,0,0.0
0,0,0.0
0,0,0.0
0,0,0.0
0,0,0.0
0,0,0.0
0,0,0.0
0,0,0.0
0,0,0.0
0,0,0.0
0,0,0.0
0,0,0.0
0,0,0.0
0,0,0.0
0,0,0.0
0,0,0.0
0,0,0.0
0,0,0.0
0,0,0.0
0,0,0.0
0,0,0.0
0,0,0.0
0,0,0.0
0,0,0.0
0,0,0.0
0,0,0.0
0,0,0.0
0,0,0.0
1,1,2.4436974992327127
0,0,0.0
0,0,0.0
0,0,0.0
0,0,0.0
0,0,0.0
0,0,0.0
0,0,0.0
0,0,0.0
0,0,0.0
0,0,0.0
0,0,0.0
0,0,0.0
0,0,0.0
0,0,0.0
0,0,0.0
0,0,0.0
0,0,0.0
0,0,0.0
0,0,0.0
0,0,0.0
0,0,0.0
0,0,0.0
0,0,0.0
1,1,1.0277971616209356
0,0,0.0
0,0,0.0
0,0,0.0
0,0,0.0
1,1,1.2034256667895704
0,0,0.0
1,1,1.1237821594083577
0,0,0.0
0,0,0.0
0,0,0.0
0,0,0.0
0,0,0.0
0,0,0.0
0,0,0.0
0,0,0.0
0,0,0.0
0,0,0.0
0,0,0.0
0,0,0.0
0,0,0.0
0,0,0.0
0,0,0.0
0,0,0.0
0,0,0.0
0,0,0.0
0,0,0.0
0,0,0.0
0,0,0.0
0,0,0.0
0,0,0.0
0,0,0.0
0,0,0.0
0,0,0.0
0,0,0.0
0,0,0.0
0,0,0.0
0,0,0.0
0,0,0.0
0,0,0.0
0,0,0.0
0,0,0.0
0,0,0.0
0,0,0.0
0,0,0.0
0,0,0.0
0,0,0.0
0,0,0.0
0,0,0.0
0,0,0.0
0,0,0.0
0,0,0.0
0,0,0.0
0,0,0.0
0,0,0.0
0,0,0.0
0,0,0.0
0,0,0.0
0,0,0.0
0,0,0.0
0,0,0.0
0,0,0.0
0,0,0.0
0,0,0.0
0,0,0.0
0,0,0.0
0,0,0.0
0,0,0.0
0,0,0.0
0,0,0.0
0,0,0.0
0,0,0.0
0,0,0.0
0,0,0.0
0,0,0.0
0,0,0.0
0,0,0.0
0,0,0.0
0,0,0.0
0,0,0.0
0,0,0.0
0,0,0.0
0,0,0.0
0,0,0.0
0,0,0.0
0,0,0.0
0,0,0.0
0,0,0.0
0,0,0.0
0,0,0.0
0,0,0.0
0,0,0.0
0,0,0.0
0,0,0.0
0,0,0.0
0,0,0.0
0,0,0.0
0,0,0.0
0,0,0.0
0,0,0.0
0,0,0.0
0,0,0.0
0,0,0.0
0,0,0.0
0,0,0.0
0,0,0.0
0,0,0.0
0,0,0.0
0,0,0.0
0,0,0.0
0,0,0.0
0,0,0.0
0,0,0.0
0,0,0.0
0,0,0.0
0,0,0.0
0,0,0.0
0,0,0.0
0,0,0.0
0,0,0.0
0,0,0.0
0,0,0.0
0,0,0.0
0,0,0.0
1,1,1.8601209135987635
0,0,0.0
0,0,0.0
0,0,0.0
0,0,0.0
0,0,0.0
0,0,0.0
0,0,0.0
0,0,0.0
0,0,0.0
0,0,0.0
0,0,0.0
0,0,0.0
0,0,0.0
0,0,0.0
0,0,0.0
0,0,0.0
0,0,0.0
0,0,0.0
0,0,0.0
0,0,0.0
0,0,0.0
0,0,0.0
0,0,0.0
0,0,0.0
0,0,0.0
0,0,0.0
0,0,0.0
0,0,0.0
0,0,0.0
0,0,0.0
0,0,0.0
0,0,0.0
0,0,0.0
0,0,0.0
0,0,0.0
0,0,0.0
0,0,0.0
0,0,0.0
0,0,0.0
0,0,0.0
0,0,0.0
0,0,0.0
0,0,0.0
0,0,0.0
0,0,0.0
0,0,0.0
0,0,0.0
0,0,0.0
0,0,0.0
0,0,0.0
0,0,0.0
0,0,0.0
0,0,0.0
0,0,0.0
0,0,0.0
0,0,0.0
0,0,0.0
0,0,0.0
0,0,0.0
0,0,0.0
0,0,0.0
0,0,0.0
0,0,0.0
0,0,0.0
0,0,0.0
0,0,0.0
0,0,0.0
0,0,0.0
0,0,0.0
0,0,0.0
0,0,0.0
0,0,0.0
0,0,0.0
0,0,0.0
0,0,0.0
0,0,0.0
0,0,0.0
0,0,0.0
0,0,0.0
0,0,0.0
0,0,0.0
0,0,0.0
0,0,0.0
1,3,2.7865641286467513
0,0,0.0
0,0,0.0
0,0,0.0
0,0,0.0
0,0,0.0
0,0,0.0
0,0,0.0
0,0,0.0
0,0,0.0
0,0,0.0
0,0,0.0
0,0,0.0
0,0,0.0
0,0,0.0
0,0,0.0
0,0,0.0
0,0,0.0
0,0,0.0
0,0,0.0
0,0,0.0
0,0,0.0
0,0,0.0
0,0,0.0
0,0,0.0
0,0,0.0
0,0,0.0
0,0,0.0
0,0,0.0
0,0,0.0
0,0,0.0
0,0,0.0
0,0,0.0
0,0,0.0
0,0,0.0
0,0,0.0
0,0,0.0
0,0,0.0
0,0,0.0
0,0,0.0
0,0,0.0
0,0,0.0
0,0,0.0
0,0,0.0
0,0,0.0
0,0,0.0
0,0,0.0
0,0,0.0
0,0,0.0
0,0,0.0
0,0,0.0
0,0,0.0
0,0,0.0
0,0,0.0
0,0,0.0
0,0,0.0
0,0,0.0
0,0,0.0
0,0,0.0
0,0,0.0
0,0,0.0
0,0,0.0
0,0,0.0
0,0,0.0
0,0,0.0
0,0,0.0
0,0,0.0
0,0,0.0
0,0,0.0
0,0,0.0
0,0,0.0
0,0,0.0
0,0,0.0
0,0,0.0
0,0,0.0
0,0,0.0
0,0,0.0
0,0,0.0
0,0,0.0
0,0,0.0
0,0,0.0
0,0,0.0
0,0,0.0
0,0,0.0
0,0,0.0
0,0,0.0
0,0,0.0
0,0,0.0
0,0,0.0
1,1,1.3767507096020997
0,0,0.0
0,0,0.0
0,0,0.0
0,0,0.0
0,0,0.0
0,0,0.0
0,0,0.0
0,0,0.0
0,0,0.0
0,0,0.0
0,0,0.0
0,0,0.0
0,0,0.0
0,0,0.0
0,0,0.0
0,0,0.0
0,0,0.0
0,0,0.0
0,0,0.0
0,0,0.0
0,0,0.0
0,0,0.0
0,0,0.0
0,0,0.0
0,0,0.0
0,0,0.0
0,0,0.0
0,0,0.0
0,0,0.0
0,0,0.0
0,0,0.0
0,0,0.0
0,0,0.0
1,1,2.3767507096020997
1,1,0.9706162223147904
0,0,0.0
0,0,0.0
0,0,0.0
0,0,0.0
0,0,0.0
0,0,0.0
0,0,0.0
0,0,0.0
1,2,4.473144012874125
0,0,0.0
0,0,0.0
0,0,0.0
0,0,0.0
0,0,0.0
0,0,0.0
0,0,0.0
0,0,0.0
0,0,0.0
0,0,0.0
0,0,0.0
0,0,0.0
0,0,0.0
0,0,0.0
0,0,0.0
0,0,0.0
0,0,0.0
0,0,0.0
0,0,0.0
0,0,0.0
0,0,0.0
0,0,0.0
0,0,0.0
0,0,0.0
0,0,0.0
0,0,0.0
0,0,0.0
0,0,0.0
0,0,0.0
0,0,0.0
1,1,1.5316526695878427
0,0,0.0
0,0,0.0
0,0,0.0
0,0,0.0
0,0,0.0
0,0,0.0
0,0,0.0
0,0,0.0
0,0,0.0
0,0,0.0
0,0,0.0
0,0,0.0
0,0,0.0
0,0,0.0
0,0,0.0
0,0,0.0
0,0,0.0
0,0,0.0
0,0,0.0
0,0,0.0
0,0,0.0
0,0,0.0
0,0,0.0
0,0,0.0
0,0,0.0
0,0,0.0
0,0,0.0
0,0,0.0
0,0,0.0
0,0,0.0
0,0,0.0
0,0,0.0
0,0,0.0
0,0,0.0
0,0,0.0
0,0,0.0
0,0,0.0
0,0,0.0
0,0,0.0
0,0,0.0
0,0,0.0
0,0,0.0
0,0,0.0
0,0,0.0
0,0,0.0
0,0,0.0
0,0,0.0
0,0,0.0
0,0,0.0
0,0,0.0
0,0,0.0
0,0,0.0
0,0,0.0
0,0,0.0
0,0,0.0
0,0,0.0
0,0,0.0
0,0,0.0
