0,0,0.0
0,0,0.0
0,0,0.0
1,1,2.0
0,0,0.0
0,0,0.0
0,0,0.0
0,0,0.0
0,0,0.0
0,0,0.0
0,0,0.0
0,0,0.0
0,0,0.0
0,0,0.0
0,0,0.0
0,0,0.0
0,0,0.0
0,0,0.0
1,3,3.561259930071433
0,0,0.0
0,0,0.0
0,0,0.0
0,0,0.0
0,0,0.0
0,0,0.0
0,0,0.0
0,0,0.0
0,0,0.0
0,0,0.0
0,0,0.0
1,1,1.5171264163912461
0,0,0.0
0,0,0.0
0,0,0.0
0,0,0.0
0,0,0.0
0,0,0.0
0,0,0.0
0,0,0.0
0,0,0.0
0,0,0.0
0,0,0.0
0,0,0.0
0,0,0.0
0,0,0.0
0,0,0.0
0,0,0.0
0,0,0.0
0,0,0.0
0,0,0.0
1,2,2.9118639112994487
0,0,0.0
0,0,0.0
0,0,0.0
0,0,0.0
0,0,0.0
0,0,0.0
0,0,0.0
0,0,0.0
0,0,0.0
0,0,0.0
0,0,0.0
0,0,0.0
0,0,0.0
0,0,0.0
0,0,0.0
0,0,0.0
0,0,0.0
0,0,0.0
0,0,0.0
0,0,0.0
0,0,0.0
0,0,0.0
0,0,0.0
0,0,0.0
0,0,0.0
0,0,0.0
0,0,0.0
0,0,0.0
0,0,0.0
0,0,0.0
0,0,0.0
0,0,0.0
0,0,0.0
0,0,0.0
0,0,0.0
0,0,0.0
0,0,0.0
0,0,0.0
0,0,0.0
0,0,0.0
0,0,0.0
0,0,0.0
0,0,0.0
0,0,0.0
0,0,0.0
0,0,0.0
0,0,0.0
0,0,0.0
0,0,0.0
0,0,0.0
0,0,0.0
0,0,0.0
0,0,0.0
0,0,0.0
0,0,0.0
1,2,1.4235015488560279
0,0,0.0
0,0,0.0
0,0,0.0
0,0,0.0
0,0,0.0
0,0,0.0
0,0,0.0
0,0,0.0
0,0,0.0
0,0,0.0
0,0,0.0
0,0,0.0
0,0,0.0
0,0,0.0
0,0,0.0
0,0,0.0
0,0,0.0
0,0,0.0
0,0,0.0
0,0,0.0
0,0,0.0
0,0,0.0
0,0,0.0
0,0,0.0
0,0,0.0
0,0,0.0
0,0,0.0
0,0,0.0
0,0,0.0
0,0,0.0
0,0,0.0
0,0,0.0
0,0,0.0
0,0,0.0
0,0,0.0
0,0,0.0
0,0,0.0
0,0,0.0
0,0,0.0
0,0,0.0
0,0,0.0
0,0,0.0
0,0,0.0
0,0,0.0
0,0,0.0
0,0,0.0
0,0,0.0
0,0,0.0
0,0,0.0
0,0,0.0
0,0,0.0
0,0,0.0
0,0,0.0
0,0,0.0
0,0,0.0
0,0,0.0
0,0,0.0
0,0,0.0
0,0,0.0
0,0,0.0
0,0,0.0
0,0,0.0
0,0,0.0
0,0,0.0
0,0,0.0
0,0,0.0
0,0,0.0
0,0,0.0
0,0,0.0
0,0,0.0
0,0,0.0
0,0,0.0
0,0,0.0
0,0,0.0
0,0,0.0
0,0,0.0
0,0,0.0
0,0,0.0
0,0,0.0
0,0,0.0
0,0,0.0
0,0,0.0
0,0,0.0
0,0,0.0
0,0,0.0
0,0,0.0
0,0,0.0
0,0,0.0
0,0,0.0
0,0,0.0
0,0,0.0
0,0,0.0
0,0,0.0
0,0,0.0
0,0,0.0
0,0,0.0
0,0,0.0
0,0,0.0
0,0,0.0
0,0,0.0
0,0,0.0
0,0,0.0
0,0,0.0
0,0,0.0
0,0,0.0
0,0,0.0
0,0,0.0
0,0,0.0
0,0,0.0
0,0,0.0
0,0,0.0
0,0,0.0
0,0,0.0
0,0,0.0
0,0,0.0
0,0,0.0
0,0,0.0
0,0,0.0
0,0,0.0
0,0,0.0
1,1,2.2518119729937998
0,0,0.0
0,0,0.0
0,0,0.0
0,0,0.0
0,0,0.0
0,0,0.0
0,0,0.0
0,0,0.0
0,0,0.0
0,0,0.0
0,0,0.0
0,0,0.0
0,0,0.0
0,0,0.0
0,0,0.0
0,0,0.0
0,0,0.0
0,0,0.0
0,0,0.0
0,0,0.0
0,0,0.0
0,0,0.0
0,0,0.0
0,0,0.0
0,0,0.0
0,0,0.0
0,0,0.0
0,0,0.0
0,0,0.0
0,0,0.0
0,0,0.0
0,0,0.0
0,0,0.0
0,0,0.0
0,0,0.0
0,0,0.0
0,0,0.0
0,0,0.0
0,0,0.0
0,0,0.0
0,0,0.0
0,0,0.0
0,0,0.0
0,0,0.0
0,0,0.0
0,0,0.0
0,0,0.0
0,0,0.0
0,0,0.0
0,0,0.0
0,0,0.0
0,0,0.0
0,0,0.0
0,0,0.0
0,0,0.0
0,0,0.0
0,0,0.0
0,0,0.0
0,0,0.0
0,0,0.0
0,0,0.0
0,0,0.0
0,0,0.0
0,0,0.0
0,0,0.0
0,0,0.0
0,0,0.0
0,0,0.0
0,0,0.0
0,0,0.0
0,0,0.0
0,0,0.0
0,0,0.0
0,0,0.0
0,0,0.0
0,0,0.0
0,0,0.0
0,0,0.0
0,0,0.0
0,0,0.0
0,0,0.0
0,0,0.0
0,0,0.0
0,0,0.0
0,0,0.0
0,0,0.0
0,0,0.0
0,0,0.0
0,0,0.0
0,0,0.0
0,0,0.0
0,0,0.0
0,0,0.0
0,0,0.0
0,0,0.0
0,0,0.0
0,0,0.0
1,2,4.131003097512864
0,0,0.0
0,0,0.0
0,0,0.0
0,0,0.0
0,0,0.0
0,0,0.0
0,0,0.0
0,0,0.0
0,0,0.0
0,0,0.0
0,0,0.0
0,0,0.0
0,0,0.0
0,0,0.0
0,0,0.0
0,0,0.0
0,0,0.0
0,0,0.0
0,0,0.0
0,0,0.0
0,0,0.0
0,0,0.0
0,0,0.0
0,0,0.0
0,0,0.0
0,0,0.0
0,0,0.0
0,0,0.0
0,0,0.0
0,0,0.0
0,0,0.0
0,0,0.0
0,0,0.0
0,0,0.0
0,0,0.0
0,0,0.0
0,0,0.0
0,0,0.0
0,0,0.0
0,0,0.0
0,0,0.0
0,0,0.0
0,0,0.0
1,2,2.3048546817157756
0,0,0.0
0,0,0.0
0,0,0.0
0,0,0.0
0,0,0.0
0,0,0.0
0,0,0.0
0,0,0.0
0,0,0.0
1,1,1.7958800173440752
0,0,0.0
0,0,0.0
0,0,0.0
0,0,0.0
0,0,0.0
0,0,0.0
0,0,0.0
0,0,0.0
0,0,0.0
0,0,0.0
0,0,0.0
0,0,0.0
0,0,0.0
0,0,0.0
0,0,0.0
0,0,0.0
0,0,0.0
0,0,0.0
0,0,0.0
0,0,0.0
0,0,0.0
0,0,0.0
0,0,0.0
0,0,0.0
0,0,0.0
0,0,0.0
0,0,0.0
0,0,0.0
0,0,0.0
0,0,0.0
0,0,0.0
0,0,0.0
0,0,0.0
0,0,0.0
0,0,0.0
0,0,0.0
1,2,5.1700533040583645
0,0,0.0
0,0,0.0
0,0,0.0
0,0,0.0
0,0,0.0
0,0,0.0
0,0,0.0
0,0,0.0
0,0,0.0
0,0,0.0
0,0,0.0
0,0,0.0
0,0,0.0
0,0,0.0
0,0,0.0
0,0,0.0
0,0,0.0
0,0,0.0
0,0,0.0
0,0,0.0
0,0,0.0
0,0,0.0
0,0,0.0
0,0,0.0
0,0,0.0
0,0,0.0
0,0,0.0
0,0,0.0
0,0,0.0
0,0,0.0
0,0,0.0
1,1,1.282329496997738
0,0,0.0
0,0,0.0
0,0,0.0
0,0,0.0
0,0,0.0
0,0,0.0
0,0,0.0
0,0,0.0
0,0,0.0
0,0,0.0
0,0,0.0
0,0,0.0
0,0,0.0
0,0,0.0
0,0,0.0
0,0,0.0
0,0,0.0
0,0,0.0
0,0,0.0
0,0,0.0
0,0,0.0
0,0,0.0
0,0,0.0
0,0,0.0
0,0,0.0
0,0,0.0
0,0,0.0
0,0,0.0
0,0,0.0
0,0,0.0
0,0,0.0
0,0,0.0
0,0,0.0
0,0,0.0
0,0,0.0
0,0,0.0
0,0,0.0
0,0,0.0
0,0,0.0
0,0,0.0
0,0,0.0
0,0,0.0
0,0,0.0
0,0,0.0
0,0,0.0
0,0,0.0
0,0,0.0
0,0,0.0
0,0,0.0
0,0,0.0
1,1,0.5266590358140646
0,0,0.0
0,0,0.0
0,0,0.0
0,0,0.0
0,0,0.0
0,0,0.0
0,0,0.0
0,0,0.0
0,0,0.0
0,0,0.0
0,0,0.0
0,0,0.0
0,0,0.0
0,0,0.0
0,0,0.0
1,1,1.0936649581949094
0,0,0.0
0,0,0.0
0,0,0.0
0,0,0.0
0,0,0.0
0,0,0.0
0,0,0.0
0,0,0.0
0,0,0.0
0,0,0.0
0,0,0.0
0,0,0.0
0,0,0.0
0,0,0.0
0,0,0.0
0,0,0.0
0,0,0.0
0,0,0.0
0,0,0.0
0,0,0.0
0,0,0.0
0,0,0.0
0,0,0.0
0,0,0.0
0,0,0.0
0,0,0.0
0,0,0.0
0,0,0.0
0,0,0.0
0,0,0.0
0,0,0.0
0,0,0.0
0,0,0.0
0,0,0.0
0,0,0.0
0,0,0.0
0,0,0.0
0,0,0.0
0,0,0.0
0,0,0.0
0,0,0.0
0,0,0.0
0,0,0.0
0,0,0.0
0,0,0.0
0,0,0.0
0,0,0.0
0,0,0.0
0,0,0.0
0,0,0.0
0,0,0.0
0,0,0.0
0,0,0.0
0,0,0.0
0,0,0.0
0,0,0.0
0,0,0.0
0,0,0.0
0,0,0.0
0,0,0.0
0,0,0.0
0,0,0.0
0,0,0.0
1,1,0.7670038896078462
0,0,0.0
0,0,0.0
0,0,0.0
1,1,1.0777937225609837
0,0,0.0
0,0,0.0
0,0,0.0
0,0,0.0
0,0,0.0
0,0,0.0
0,0,0.0
0,0,0.0
0,0,0.0
0,0,0.0
0,0,0.0
0,0,0.0
0,0,0.0
0,0,0.0
0,0,0.0
0,0,0.0
0,0,0.0
0,0,0.0
0,0,0.0
0,0,0.0
0,0,0.0
0,0,0.0
0,0,0.0
0,0,0.0
0,0,0.0
0,0,0.0
0,0,0.0
0,0,0.0
0,0,0.0
0,0,0.0
0,0,0.0
0,0,0.0
0,0,0.0
0,0,0.0
0,0,0.0
0,0,0.0
0,0,0.0
0,0,0.0
0,0,0.0
0,0,0.0
0,0,0.0
0,0,0.0
0,0,0.0
0,0,0.0
0,0,0.0
0,0,0.0
0,0,0.0
0,0,0.0
0,0,0.0
0,0,0.0
0,0,0.0
0,0,0.0
0,0,0.0
0,0,0.0
0,0,0.0
0,0,0.0
0,0,0.0
0,0,0.0
0,0,0.0
0,0,0.0
0,0,0.0
0,0,0.0
0,0,0.0
0,0,0.0
0,0,0.0
0,0,0.0
0,0,0.0
0,0,0.0
0,0,0.0
0,0,0.0
0,0,0.0
0,0,0.0
0,0,0.0
0,0,0.0
0,0,0.0
0,0,0.0
0,0,0.0
0,0,0.0
0,0,0.0
0,0,0.0
0,0,0.0
0,0,0.0
0,0,0.0
0,0,0.0
0,0,0.0
0,0,0.0
0,0,0.0
0,0,0.0
0,0,0.0
0,0,0.0
0,0,0.0
0,0,0.0
0,0,0.0
0,0,0.0
0,0,0.0
0,0,0.0
0,0,0.0
0,0,0.0
0,0,0.0
0,0,0.0
0,0,0.0
0,0,0.0
0,0,0.0
0,0,0.0
0,0,0.0
0,0,0.0
0,0,0.0
0,0,0.0
0,0,0.0
0,0,0.0
0,0,0.0
0,0,0.0
0,0,0.0
0,0,0.0
0,0,0.0
0,0,0.0
0,0,0.0
0,0,0.0
0,0,0.0
0,0,0.0
0,0,0.0
0,0,0.0
0,0,0.0
0,0,0.0
0,0,0.0
0,0,0.0
0,0,0.0
0,0,0.0
0,0,0.0
0,0,0.0
0,0,0.0
0,0,0.0
0,0,0.0
0,0,0.0
0,0,0.0
0,0,0.0
0,0,0.0
0,0,0.0
0,0,0.0
0,0,0.0
0,0,0.0
0,0,0.0
0,0,0.0
0,0,0.0
0,0,0.0
0,0,0.0
0,0,0.0
0,0,0.0
0,0,0.0
0,0,0.0
0,0,0.0
0,0,0.0
0,0,0.0
0,0,0.0
0,0,0.0
0,0,0.0
0,0,0.0
0,0,0.0
0,0,0.0
0,0,0.0
0,0,0.0
0,0,0.0
0,0,0.0
0,0,0.0
0,0,0.0
1,7,2.7105130029618514
0,0,0.0
0,0,0.0
0,0,0.0
0,0,0.0
0,0,0.0
0,0,0.0
0,0,0.0
0,0,0.0
0,0,0.0
0,0,0.0
0,0,0.0
0,0,0.0
0,0,0.0
0,0,0.0
0,0,0.0
0,0,0.0
0,0,0.0
0,0,0.0
0,0,0.0
0,0,0.0
0,0,0.0
0,0,0.0
0,0,0.0
0,0,0.0
0,0,0.0
0,0,0.0
0,0,0.0
0,0,0.0
0,0,0.0
0,0,0.0
0,0,0.0
0,0,0.0
0,0,0.0
0,0,0.0
0,0,0.0
0,0,0.0
0,0,0.0
0,0,0.0
0,0,0.0
0,0,0.0
0,0,0.0
0,0,0.0
0,0,0.0
1,2,2.347850394598347
0,0,0.0
0,0,0.0
0,0,0.0
0,0,0.0
0,0,0.0
0,0,0.0
0,0,0.0
0,0,0.0
0,0,0.0
0,0,0.0
0,0,0.0
0,0,0.0
0,0,0.0
0,0,0.0
1,1,2.3565473235138126
0,0,0.0
0,0,0.0
0,0,0.0
0,0,0.0
0,0,0.0
0,0,0.0
0,0,0.0
0,0,0.0
0,0,0.0
0,0,0.0
0,0,0.0
0,0,0.0
0,0,0.0
0,0,0.0
0,0,0.0
0,0,0.0
0,0,0.0
0,0,0.0
0,0,0.0
0,0,0.0
0,0,0.0
0,0,0.0
0,0,0.0
0,0,0.0
0,0,0.0
0,0,0.0
0,0,0.0
0,0,0.0
0,0,0.0
0,0,0.0
0,0,0.0
0,0,0.0
0,0,0.0
0,0,0.0
0,0,0.0
0,0,0.0
0,0,0.0
0,0,0.0
0,0,0.0
0,0,0.0
0,0,0.0
0,0,0.0
0,0,0.0
0,0,0.0
0,0,0.0
0,0,0.0
0,0,0.0
0,0,0.0
0,0,0.0
0,0,0.0
0,0,0.0
0,0,0.0
0,0,0.0
0,0,0.0
0,0,0.0
0,0,0.0
0,0,0.0
0,0,0.0
0,0,0.0
0,0,0.0
0,0,0.0
0,0,0.0
0,0,0.0
0,0,0.0
0,0,0.0
0,0,0.0
0,0,0.0
0,0,0.0
0,0,0.0
0,0,0.0
0,0,0.0
0,0,0.0
0,0,0.0
0,0,0.0
0,0,0.0
0,0,0.0
0,0,0.0
0,0,0.0
0,0,0.0
0,0,0.0
0,0,0.0
0,0,0.0
0,0,0.0
0,0,0.0
0,0,0.0
0,0,0.0
0,0,0.0
0,0,0.0
0,0,0.0
0,0,0.0
0,0,0.0
0,0,0.0
0,0,0.0
0,0,0.0
0,0,0.0
0,0,0.0
0,0,0.0
0,0,0.0
0,0,0.0
0,0,0.0
0,0,0.0
0,0,0.0
0,0,0.0
0,0,0.0
0,0,0.0
0,0,0.0
0,0,0.0
0,0,0.0
0,0,0.0
0,0,0.0
0,0,0.0
0,0,0.0
0,0,0.0
0,0,0.0
0,0,0.0
0,0,0.0
0,0,0.0
0,0,0.0
0,0,0.0
0,0,0.0
0,0,0.0
0,0,0.0
0,0,0.0
0,0,0.0
0,0,0.0
0,0,0.0
0,0,0.0
0,0,0.0
0,0,0.0
0,0,0.0
0,0,0.0
0,0,0.0
0,0,0.0
0,0,0.0
0,0,0.0
0,0,0.0
0,0,0.0
0,0,0.0
0,0,0.0
0,0,0.0
0,0,0.0
0,0,0.0
0,0,0.0
0,0,0.0
0,0,0.0
0,0,0.0
0,0,0.0
0,0,0.0
0,0,0.0
0,0,0.0
0,0,0.0
0,0,0.0
0,0,0.0
0,0,0.0
0,0,0.0
1,2,3.2765443279648143
0,0,0.0
0,0,0.0
0,0,0.0
0,0,0.0
0,0,0.0
0,0,0.0
0,0,0.0
0,0,0.0
0,0,0.0
0,0,0.0
0,0,0.0
0,0,0.0
0,0,0.0
0,0,0.0
0,0,0.0
0,0,0.0
0,0,0.0
0,0,0.0
0,0,0.0
0,0,0.0
0,0,0.0
0,0,0.0
0,0,0.0
0,0,0.0
0,0,0.0
0,0,0.0
0,0,0.0
0,0,0.0
0,0,0.0
0,0,0.0
0,0,0.0
0,0,0.0
0,0,0.0
0,0,0.0
0,0,0.0
0,0,0.0
0,0,0.0
0,0,0.0
0,0,0.0
0,0,0.0
0,0,0.0
0,0,0.0
0,0,0.0
0,0,0.0
0,0,0.0
0,0,0.0
0,0,0.0
0,0,0.0
0,0,0.0
0,0,0.0
0,0,0.0
0,0,0.0
0,0,0.0
0,0,0.0
0,0,0.0
0,0,0.0
0,0,0.0
0,0,0.0
0,0,0.0
0,0,0.0
0,0,0.0
1,4,4.847326515435329
0,0,0.0
0,0,0.0
0,0,0.0
0,0,0.0
0,0,0.0
0,0,0.0
0,0,0.0
0,0,0.0
0,0,0.0
0,0,0.0
0,0,0.0
0,0,0.0
0,0,0.0
0,0,0.0
0,0,0.0
0,0,0.0
0,0,0.0
0,0,0.0
0,0,0.0
0,0,0.0
0,0,0.0
0,0,0.0
0,0,0.0
0,0,0.0
0,0,0.0
0,0,0.0
0,0,0.0
1,2,5.707743928643524
0,0,0.0
0,0,0.0
0,0,0.0
0,0,0.0
0,0,0.0
0,0,0.0
0,0,0.0
0,0,0.0
0,0,0.0
0,0,0.0
0,0,0.0
0,0,0.0
0,0,0.0
0,0,0.0
0,0,0.0
0,0,0.0
0,0,0.0
0,0,0.0
0,0,0.0
0,0,0.0
0,0,0.0
0,0,0.0
0,0,0.0
0,0,0.0
0,0,0.0
0,0,0.0
0,0,0.0
0,0,0.0
0,0,0.0
0,0,0.0
0,0,0.0
0,0,0.0
0,0,0.0
0,0,0.0
0,0,0.0
0,0,0.0
0,0,0.0
0,0,0.0
0,0,0.0
0,0,0.0
0,0,0.0
0,0,0.0
0,0,0.0
0,0,0.0
0,0,0.0
0,0,0.0
0,0,0.0
0,0,0.0
0,0,0.0
0,0,0.0
0,0,0.0
0,0,0.0
0,0,0.0
0,0,0.0
0,0,0.0
0,0,0.0
0,0,0.0
1,1,0.9730583720409706
0,0,0.0
0,0,0.0
0,0,0.0
0,0,0.0
0,0,0.0
0,0,0.0
0,0,0.0
0,0,0.0
0,0,0.0
0,0,0.0
0,0,0.0
0,0,0.0
0,0,0.0
0,0,0.0
0,0,0.0
0,0,0.0
0,0,0.0
0,0,0.0
0,0,0.0
0,0,0.0
0,0,0.0
0,0,0.0
0,0,0.0
0,0,0.0
0,0,0.0
0,0,0.0
0,0,0.0
0,0,0.0
0,0,0.0
0,0,0.0
0,0,0.0
0,0,0.0
0,0,0.0
0,0,0.0
0,0,0.0
0,0,0.0
0,0,0.0
0,0,0.0
0,0,0.0
0,0,0.0
0,0,0.0
0,0,0.0
0,0,0.0
0,0,0.0
0,0,0.0
0,0,0.0
0,0,0.0
0,0,0.0
0,0,0.0
0,0,0.0
0,0,0.0
0,0,0.0
0,0,0.0
0,0,0.0
0,0,0.0
0,0,0.0
0,0,0.0
0,0,0.0
0,0,0.0
0,0,0.0
0,0,0.0
0,0,0.0
1,1,0.9288547095489171
0,0,0.0
0,0,0.0
0,0,0.0
0,0,0.0
0,0,0.0
0,0,0.0
0,0,0.0
0,0,0.0
0,0,0.0
0,0,0.0
0,0,0.0
0,0,0.0
0,0,0.0
0,0,0.0
0,0,0.0
0,0,0.0
0,0,0.0
0,0,0.0
0,0,0.0
0,0,0.0
0,0,0.0
0,0,0.0
0,0,0.0
0,0,0.0
0,0,0.0
0,0,0.0
0,0,0.0
0,0,0.0
0,0,0.0
0,0,0.0
0,0,0.0
0,0,0.0
0,0,0.0
0,0,0.0
0,0,0.0
0,0,0.0
0,0,0.0
0,0,0.0
0,0,0.0
0,0,0.0
0,0,0.0
0,0,0.0
0,0,0.0
0,0,0.0
0,0,0.0
0,0,0.0
0,0,0.0
0,0,0.0
0,0,0.0
0,0,0.0
0,0,0.0
0,0,0.0
0,0,0.0
0,0,0.0
0,0,0.0
0,0,0.0
1,1,0.6205131862827262
0,0,0.0
0,0,0.0
0,0,0.0
1,1,0.8728952016351924
0,0,0.0
0,0,0.0
0,0,0.0
0,0,0.0
0,0,0.0
0,0,0.0
0,0,0.0
0,0,0.0
0,0,0.0
0,0,0.0
0,0,0.0
0,0,0.0
0,0,0.0
0,0,0.0
0,0,0.0
0,0,0.0
0,0,0.0
0,0,0.0
0,0,0.0
0,0,0.0
0,0,0.0
0,0,0.0
0,0,0.0
0,0,0.0
0,0,0.0
0,0,0.0
0,0,0.0
0,0,0.0
0,0,0.0
0,0,0.0
0,0,0.0
0,0,0.0
0,0,0.0
0,0,0.0
0,0,0.0
0,0,0.0
0,0,0.0
0,0,0.0
0,0,0.0
0,0,0.0
0,0,0.0
0,0,0.0
0,0,0.0
0,0,0.0
0,0,0.0
0,0,0.0
0,0,0.0
1,2,2.8825828589336684
0,0,0.0
0,0,0.0
0,0,0.0
0,0,0.0
0,0,0.0
0,0,0.0
0,0,0.0
0,0,0.0
0,0,0.0
0,0,0.0
1,1,1.149966742310231
0,0,0.0
0,0,0.0
0,0,0.0
0,0,0.0
0,0,0.0
0,0,0.0
0,0,0.0
0,0,0.0
0,0,0.0
0,0,0.0
0,0,0.0
0,0,0.0
0,0,0.0
0,0,0.0
0,0,0.0
0,0,0.0
0,0,0.0
0,0,0.0
0,0,0.0
0,0,0.0
0,0,0.0
0,0,0.0
0,0,0.0
0,0,0.0
0,0,0.0
0,0,0.0
0,0,0.0
0,0,0.0
0,0,0.0
0,0,0.0
0,0,0.0
0,0,0.0
0,0,0.0
0,0,0.0
0,0,0.0
0,0,0.0
0,0,0.0
0,0,0.0
0,0,0.0
0,0,0.0
0,0,0.0
0,0,0.0
0,0,0.0
0,0,0.0
0,0,0.0
0,0,0.0
0,0,0.0
0,0,0.0
0,0,0.0
0,0,0.0
0,0,0.0
0,0,0.0
0,0,0.0
0,0,0.0
0,0,0.0
0,0,0.0
0,0,0.0
0,0,0.0
0,0,0.0
0,0,0.0
0,0,0.0
0,0,0.0
1,1,1.0428718023231869
0,0,0.0
0,0,0.0
0,0,0.0
0,0,0.0
0,0,0.0
0,0,0.0
0,0,0.0
0,0,0.0
0,0,0.0
0,0,0.0
0,0,0.0
0,0,0.0
0,0,0.0
0,0,0.0
0,0,0.0
0,0,0.0
0,0,0.0
0,0,0.0
0,0,0.0
0,0,0.0
0,0,0.0
0,0,0.0
0,0,0.0
0,0,0.0
0,0,0.0
0,0,0.0
0,0,0.0
0,0,0.0
0,0,0.0
0,0,0.0
0,0,0.0
0,0,0.0
0,0,0.0
0,0,0.0
0,0,0.0
0,0,0.0
0,0,0.0
0,0,0.0
0,0,0.0
