0,0,0.0
0,0,0.0
0,0,0.0
0,0,0.0
0,0,0.0
0,0,0.0
0,0,0.0
0,0,0.0
0,0,0.0
0,0,0.0
0,0,0.0
0,0,0.0
0,0,0.0
0,0,0.0
0,0,0.0
0,0,0.0
0,0,0.0
0,0,0.0
1,1,1.1870866433571443
0,0,0.0
0,0,0.0
0,0,0.0
0,0,0.0
0,0,0.0
0,0,0.0
0,0,0.0
0,0,0.0
0,0,0.0
0,0,0.0
1,1,2.468521082957745
0,0,0.0
1,1,1.4271283977995197
0,0,0.0
1,2,1.7923925580880864
0,0,0.0
0,0,0.0
0,0,0.0
0,0,0.0
0,0,0.0
0,0,0.0
0,0,0.0
0,0,0.0
1,1,2.337242168318426
0,0,0.0
0,0,0.0
0,0,0.0
0,0,0.0
0,0,0.0
0,0,0.0
0,0,0.0
1,1,1.4559319556497243
0,0,0.0
0,0,0.0
0,0,0.0
0,0,0.0
0,0,0.0
0,0,0.0
1,1,2.5850266520291822
0,0,0.0
0,0,0.0
0,0,0.0
0,0,0.0
0,0,0.0
0,0,0.0
0,0,0.0
0,0,0.0
0,0,0.0
0,0,0.0
0,0,0.0
0,0,0.0
0,0,0.0
0,0,0.0
0,0,0.0
0,0,0.0
0,0,0.0
0,0,0.0
0,0,0.0
0,0,0.0
0,0,0.0
0,0,0.0
0,0,0.0
0,0,0.0
0,0,0.0
0,0,0.0
0,0,0.0
0,0,0.0
0,0,0.0
1,1,2.0
0,0,0.0
0,0,0.0
0,0,0.0
0,0,0.0
0,0,0.0
1,1,1.8860566476931633
0,0,0.0
0,0,0.0
0,0,0.0
0,0,0.0
0,0,0.0
0,0,0.0
0,0,0.0
0,0,0.0
0,0,0.0
0,0,0.0
0,0,0.0
0,0,0.0
1,1,0.7117507744280139
0,0,0.0
0,0,0.0
0,0,0.0
0,0,0.0
0,0,0.0
0,0,0.0
0,0,0.0
0,0,0.0
0,0,0.0
0,0,0.0
0,0,0.0
0,0,0.0
0,0,0.0
0,0,0.0
0,0,0.0
1,1,1.2549252084179425
0,0,0.0
0,0,0.0
0,0,0.0
1,1,1.4179366370882913
0,0,0.0
0,0,0.0
0,0,0.0
0,0,0.0
0,0,0.0
0,0,0.0
0,0,0.0
0,0,0.0
0,0,0.0
0,0,0.0
0,0,0.0
0,0,0.0
0,0,0.0
0,0,0.0
0,0,0.0
0,0,0.0
0,0,0.0
0,0,0.0
0,0,0.0
0,0,0.0
0,0,0.0
0,0,0.0
0,0,0.0
0,0,0.0
0,0,0.0
0,0,0.0
0,0,0.0
0,0,0.0
0,0,0.0
0,0,0.0
0,0,0.0
0,0,0.0
0,0,0.0
0,0,0.0
0,0,0.0
0,0,0.0
0,0,0.0
1,2,2.689723130377236
0,0,0.0
1,1,1.2034256667895704
0,0,0.0
0,0,0.0
0,0,0.0
0,0,0.0
0,0,0.0
0,0,0.0
0,0,0.0
0,0,0.0
0,0,0.0
0,0,0.0
0,0,0.0
0,0,0.0
0,0,0.0
0,0,0.0
0,0,0.0
0,0,0.0
0,0,0.0
0,0,0.0
0,0,0.0
0,0,0.0
0,0,0.0
0,0,0.0
0,0,0.0
0,0,0.0
0,0,0.0
1,2,1.9428574946149249
0,0,0.0
0,0,0.0
0,0,0.0
0,0,0.0
0,0,0.0
0,0,0.0
0,0,0.0
0,0,0.0
0,0,0.0
0,0,0.0
0,0,0.0
0,0,0.0
0,0,0.0
0,0,0.0
0,0,0.0
0,0,0.0
0,0,0.0
0,0,0.0
0,0,0.0
0,0,0.0
0,0,0.0
0,0,0.0
0,0,0.0
0,0,0.0
0,0,0.0
0,0,0.0
0,0,0.0
0,0,0.0
0,0,0.0
0,0,0.0
0,0,0.0
0,0,0.0
0,0,0.0
0,0,0.0
0,0,0.0
0,0,0.0
0,0,0.0
0,0,0.0
0,0,0.0
0,0,0.0
1,1,1.0947439512515489
0,0,0.0
0,0,0.0
0,0,0.0
0,0,0.0
0,0,0.0
0,0,0.0
0,0,0.0
0,0,0.0
0,0,0.0
0,0,0.0
0,0,0.0
0,0,0.0
0,0,0.0
0,0,0.0
0,0,0.0
0,0,0.0
0,0,0.0
0,0,0.0
0,0,0.0
0,0,0.0
0,0,0.0
0,0,0.0
0,0,0.0
0,0,0.0
1,3,5.339675735879835
0,0,0.0
0,0,0.0
0,0,0.0
0,0,0.0
0,0,0.0
0,0,0.0
1,2,2.509850416835885
0,0,0.0
0,0,0.0
0,0,0.0
0,0,0.0
0,0,0.0
1,3,2.480441194763178
0,0,0.0
0,0,0.0
0,0,0.0
0,0,0.0
0,0,0.0
0,0,0.0
0,0,0.0
0,0,0.0
0,0,0.0
0,0,0.0
0,0,0.0
0,0,0.0
0,0,0.0
0,0,0.0
0,0,0.0
1,2,4.415216621003492
0,0,0.0
0,0,0.0
0,0,0.0
0,0,0.0
0,0,0.0
0,0,0.0
0,0,0.0
0,0,0.0
0,0,0.0
0,0,0.0
0,0,0.0
0,0,0.0
0,0,0.0
0,0,0.0
0,0,0.0
0,0,0.0
0,0,0.0
1,1,1.3010299956639813
0,0,0.0
0,0,0.0
0,0,0.0
0,0,0.0
0,0,0.0
0,0,0.0
0,0,0.0
0,0,0.0
0,0,0.0
0,0,0.0
0,0,0.0
0,0,0.0
0,0,0.0
0,0,0.0
1,1,1.5199930570428493
1,1,1.665546248849069
0,0,0.0
0,0,0.0
0,0,0.0
0,0,0.0
0,0,0.0
0,0,0.0
0,0,0.0
0,0,0.0
0,0,0.0
0,0,0.0
0,0,0.0
0,0,0.0
0,0,0.0
0,0,0.0
0,0,0.0
0,0,0.0
0,0,0.0
0,0,0.0
0,0,0.0
0,0,0.0
0,0,0.0
0,0,0.0
0,0,0.0
0,0,0.0
0,0,0.0
0,0,0.0
0,0,0.0
0,0,0.0
0,0,0.0
0,0,0.0
0,0,0.0
0,0,0.0
0,0,0.0
0,0,0.0
0,0,0.0
0,0,0.0
0,0,0.0
0,0,0.0
1,1,1.4921441283041692
0,0,0.0
0,0,0.0
0,0,0.0
0,0,0.0
0,0,0.0
0,0,0.0
0,0,0.0
0,0,0.0
0,0,0.0
0,0,0.0
0,0,0.0
0,0,0.0
0,0,0.0
0,0,0.0
0,0,0.0
0,0,0.0
0,0,0.0
0,0,0.0
0,0,0.0
0,0,0.0
0,0,0.0
0,0,0.0
0,0,0.0
0,0,0.0
0,0,0.0
0,0,0.0
0,0,0.0
0,0,0.0
0,0,0.0
0,0,0.0
0,0,0.0
0,0,0.0
0,0,0.0
0,0,0.0
0,0,0.0
0,0,0.0
1,2,3.528943106184902
0,0,0.0
0,0,0.0
0,0,0.0
0,0,0.0
0,0,0.0
0,0,0.0
0,0,0.0
0,0,0.0
0,0,0.0
0,0,0.0
0,0,0.0
0,0,0.0
0,0,0.0
0,0,0.0
0,0,0.0
0,0,0.0
0,0,0.0
0,0,0.0
0,0,0.0
0,0,0.0
0,0,0.0
0,0,0.0
0,0,0.0
0,0,0.0
0,0,0.0
0,0,0.0
0,0,0.0
0,0,0.0
1,1,1.645891560852599
0,0,0.0
0,0,0.0
0,0,0.0
0,0,0.0
0,0,0.0
0,0,0.0
0,0,0.0
0,0,0.0
0,0,0.0
0,0,0.0
0,0,0.0
0,0,0.0
0,0,0.0
0,0,0.0
0,0,0.0
0,0,0.0
0,0,0.0
0,0,0.0
0,0,0.0
0,0,0.0
0,0,0.0
0,0,0.0
0,0,0.0
0,0,0.0
0,0,0.0
0,0,0.0
0,0,0.0
0,0,0.0
0,0,0.0
0,0,0.0
0,0,0.0
0,0,0.0
0,0,0.0
0,0,0.0
0,0,0.0
0,0,0.0
0,0,0.0
0,0,0.0
0,0,0.0
0,0,0.0
0,0,0.0
0,0,0.0
0,0,0.0
0,0,0.0
0,0,0.0
0,0,0.0
0,0,0.0
0,0,0.0
0,0,0.0
0,0,0.0
0,0,0.0
0,0,0.0
0,0,0.0
0,0,0.0
0,0,0.0
0,0,0.0
0,0,0.0
0,0,0.0
0,0,0.0
0,0,0.0
0,0,0.0
0,0,0.0
0,0,0.0
0,0,0.0
0,0,0.0
0,0,0.0
0,0,0.0
0,0,0.0
0,0,0.0
0,0,0.0
0,0,0.0
0,0,0.0
1,3,1.5799771074421938
1,1,1.11690664142431
0,0,0.0
0,0,0.0
0,0,0.0
0,0,0.0
0,0,0.0
0,0,0.0
0,0,0.0
0,0,0.0
0,0,0.0
0,0,0.0
0,0,0.0
0,0,0.0
0,0,0.0
0,0,0.0
0,0,0.0
0,0,0.0
0,0,0.0
0,0,0.0
0,0,0.0
0,0,0.0
0,0,0.0
0,0,0.0
0,0,0.0
0,0,0.0
0,0,0.0
0,0,0.0
0,0,0.0
0,0,0.0
0,0,0.0
0,0,0.0
0,0,0.0
0,0,0.0
0,0,0.0
0,0,0.0
0,0,0.0
0,0,0.0
0,0,0.0
0,0,0.0
0,0,0.0
0,0,0.0
0,0,0.0
0,0,0.0
0,0,0.0
0,0,0.0
0,0,0.0
0,0,0.0
0,0,0.0
0,0,0.0
1,1,2.2518119729937998
0,0,0.0
0,0,0.0
0,0,0.0
0,0,0.0
0,0,0.0
0,0,0.0
0,0,0.0
0,0,0.0
0,0,0.0
0,0,0.0
0,0,0.0
0,0,0.0
0,0,0.0
0,0,0.0
0,0,0.0
0,0,0.0
0,0,0.0
0,0,0.0
0,0,0.0
0,0,0.0
0,0,0.0
0,0,0.0
0,0,0.0
0,0,0.0
0,0,0.0
0,0,0.0
0,0,0.0
0,0,0.0
0,0,0.0
0,0,0.0
0,0,0.0
0,0,0.0
0,0,0.0
0,0,0.0
0,0,0.0
0,0,0.0
0,0,0.0
0,0,0.0
0,0,0.0
0,0,0.0
0,0,0.0
0,0,0.0
0,0,0.0
0,0,0.0
0,0,0.0
0,0,0.0
0,0,0.0
0,0,0.0
0,0,0.0
0,0,0.0
0,0,0.0
0,0,0.0
0,0,0.0
0,0,0.0
0,0,0.0
0,0,0.0
1,1,1.7746907182741372
0,0,0.0
0,0,0.0
0,0,0.0
0,0,0.0
0,0,0.0
0,0,0.0
0,0,0.0
0,0,0.0
0,0,0.0
0,0,0.0
0,0,0.0
0,0,0.0
0,0,0.0
0,0,0.0
0,0,0.0
0,0,0.0
0,0,0.0
0,0,0.0
0,0,0.0
0,0,0.0
0,0,0.0
0,0,0.0
0,0,0.0
0,0,0.0
0,0,0.0
0,0,0.0
0,0,0.0
0,0,0.0
0,0,0.0
0,0,0.0
0,0,0.0
0,0,0.0
0,0,0.0
0,0,0.0
0,0,0.0
0,0,0.0
0,0,0.0
0,0,0.0
1,1,1.0840727883028842
0,0,0.0
0,0,0.0
0,0,0.0
0,0,0.0
0,0,0.0
0,0,0.0
0,0,0.0
0,0,0.0
0,0,0.0
0,0,0.0
0,0,0.0
0,0,0.0
0,0,0.0
0,0,0.0
0,0,0.0
0,0,0.0
0,0,0.0
0,0,0.0
0,0,0.0
0,0,0.0
0,0,0.0
0,0,0.0
0,0,0.0
0,0,0.0
0,0,0.0
0,0,0.0
0,0,0.0
0,0,0.0
0,0,0.0
0,0,0.0
1,1,2.065501548756432
0,0,0.0
0,0,0.0
0,0,0.0
0,0,0.0
0,0,0.0
0,0,0.0
0,0,0.0
0,0,0.0
0,0,0.0
0,0,0.0
0,0,0.0
0,0,0.0
0,0,0.0
0,0,0.0
0,0,0.0
0,0,0.0
0,0,0.0
0,0,0.0
0,0,0.0
0,0,0.0
0,0,0.0
1,1,1.2596373105057561
0,0,0.0
0,0,0.0
0,0,0.0
1,1,1.1135092748275182
0,0,0.0
0,0,0.0
0,0,0.0
0,0,0.0
0,0,0.0
0,0,0.0
0,0,0.0
0,0,0.0
0,0,0.0
0,0,0.0
0,0,0.0
0,0,0.0
0,0,0.0
0,0,0.0
0,0,0.0
0,0,0.0
0,0,0.0
0,0,0.0
0,0,0.0
0,0,0.0
0,0,0.0
0,0,0.0
0,0,0.0
0,0,0.0
0,0,0.0
0,0,0.0
0,0,0.0
0,0,0.0
0,0,0.0
0,0,0.0
0,0,0.0
0,0,0.0
0,0,0.0
0,0,0.0
0,0,0.0
0,0,0.0
0,0,0.0
0,0,0.0
0,0,0.0
0,0,0.0
0,0,0.0
0,0,0.0
0,0,0.0
0,0,0.0
0,0,0.0
1,3,4.26064921014957
1,8,3.097729146242116
0,0,0.0
0,0,0.0
0,0,0.0
0,0,0.0
0,0,0.0
1,1,1.4001169279263121
0,0,0.0
0,0,0.0
0,0,0.0
0,0,0.0
0,0,0.0
0,0,0.0
0,0,0.0
0,0,0.0
0,0,0.0
0,0,0.0
0,0,0.0
0,0,0.0
0,0,0.0
0,0,0.0
0,0,0.0
0,0,0.0
0,0,0.0
0,0,0.0
0,0,0.0
0,0,0.0
0,0,0.0
0,0,0.0
0,0,0.0
0,0,0.0
0,0,0.0
0,0,0.0
0,0,0.0
0,0,0.0
0,0,0.0
0,0,0.0
0,0,0.0
0,0,0.0
0,0,0.0
0,0,0.0
0,0,0.0
0,0,0.0
0,0,0.0
1,2,2.347850394598347
0,0,0.0
0,0,0.0
0,0,0.0
0,0,0.0
0,0,0.0
0,0,0.0
0,0,0.0
1,1,1.4841261562883208
0,0,0.0
0,0,0.0
0,0,0.0
0,0,0.0
0,0,0.0
0,0,0.0
0,0,0.0
1,2,1.986212584104199
0,0,0.0
0,0,0.0
0,0,0.0
0,0,0.0
0,0,0.0
0,0,0.0
0,0,0.0
1,8,13.389313112569988
0,0,0.0
0,0,0.0
0,0,0.0
0,0,0.0
0,0,0.0
0,0,0.0
0,0,0.0
0,0,0.0
0,0,0.0
0,0,0.0
0,0,0.0
0,0,0.0
0,0,0.0
0,0,0.0
0,0,0.0
0,0,0.0
0,0,0.0
0,0,0.0
0,0,0.0
0,0,0.0
0,0,0.0
1,1,2.7958800173440754
0,0,0.0
0,0,0.0
0,0,0.0
0,0,0.0
0,0,0.0
0,0,0.0
0,0,0.0
1,1,1.6903698325741012
0,0,0.0
0,0,0.0
0,0,0.0
0,0,0.0
0,0,0.0
0,0,0.0
0,0,0.0
0,0,0.0
0,0,0.0
0,0,0.0
0,0,0.0
0,0,0.0
0,0,0.0
0,0,0.0
0,0,0.0
0,0,0.0
0,0,0.0
0,0,0.0
0,0,0.0
0,0,0.0
0,0,0.0
0,0,0.0
0,0,0.0
0,0,0.0
0,0,0.0
0,0,0.0
0,0,0.0
1,1,1.9746941347352298
0,0,0.0
0,0,0.0
0,0,0.0
0,0,0.0
0,0,0.0
0,0,0.0
0,0,0.0
0,0,0.0
1,1,1.4412914294668342
1,1,0.8658228924232336
0,0,0.0
0,0,0.0
0,0,0.0
0,0,0.0
0,0,0.0
0,0,0.0
0,0,0.0
0,0,0.0
1,1,1.790484985457369
0,0,0.0
0,0,0.0
0,0,0.0
1,2,1.764132329920717
0,0,0.0
0,0,0.0
0,0,0.0
0,0,0.0
0,0,0.0
0,0,0.0
0,0,0.0
0,0,0.0
0,0,0.0
0,0,0.0
0,0,0.0
0,0,0.0
0,0,0.0
0,0,0.0
0,0,0.0
0,0,0.0
0,0,0.0
0,0,0.0
0,0,0.0
1,1,1.6903698325741012
0,0,0.0
0,0,0.0
0,0,0.0
0,0,0.0
0,0,0.0
0,0,0.0
0,0,0.0
0,0,0.0
0,0,0.0
0,0,0.0
0,0,0.0
0,0,0.0
0,0,0.0
0,0,0.0
0,0,0.0
0,0,0.0
0,0,0.0
0,0,0.0
0,0,0.0
0,0,0.0
0,0,0.0
0,0,0.0
0,0,0.0
0,0,0.0
0,0,0.0
0,0,0.0
0,0,0.0
0,0,0.0
0,0,0.0
0,0,0.0
0,0,0.0
0,0,0.0
0,0,0.0
0,0,0.0
0,0,0.0
0,0,0.0
0,0,0.0
0,0,0.0
0,0,0.0
0,0,0.0
0,0,0.0
0,0,0.0
0,0,0.0
0,0,0.0
0,0,0.0
0,0,0.0
0,0,0.0
1,2,1.3514350894046148
0,0,0.0
0,0,0.0
0,0,0.0
0,0,0.0
0,0,0.0
1,1,1.2034256667895704
0,0,0.0
0,0,0.0
0,0,0.0
0,0,0.0
0,0,0.0
0,0,0.0
0,0,0.0
0,0,0.0
0,0,0.0
0,0,0.0
0,0,0.0
0,0,0.0
0,0,0.0
0,0,0.0
0,0,0.0
0,0,0.0
0,0,0.0
0,0,0.0
0,0,0.0
0,0,0.0
0,0,0.0
0,0,0.0
0,0,0.0
0,0,0.0
0,0,0.0
0,0,0.0
0,0,0.0
0,0,0.0
0,0,0.0
0,0,0.0
1,1,1.5287082889410615
0,0,0.0
0,0,0.0
0,0,0.0
0,0,0.0
0,0,0.0
0,0,0.0
0,0,0.0
0,0,0.0
0,0,0.0
0,0,0.0
0,0,0.0
0,0,0.0
0,0,0.0
0,0,0.0
0,0,0.0
0,0,0.0
0,0,0.0
0,0,0.0
0,0,0.0
0,0,0.0
0,0,0.0
0,0,0.0
0,0,0.0
0,0,0.0
0,0,0.0
0,0,0.0
0,0,0.0
0,0,0.0
0,0,0.0
0,0,0.0
0,0,0.0
0,0,0.0
0,0,0.0
0,0,0.0
0,0,0.0
0,0,0.0
1,1,1.7695510786217261
0,0,0.0
0,0,0.0
0,0,0.0
0,0,0.0
0,0,0.0
0,0,0.0
0,0,0.0
0,0,0.0
0,0,0.0
0,0,0.0
0,0,0.0
0,0,0.0
0,0,0.0
0,0,0.0
0,0,0.0
0,0,0.0
0,0,0.0
0,0,0.0
0,0,0.0
0,0,0.0
0,0,0.0
0,0,0.0
0,0,0.0
0,0,0.0
0,0,0.0
0,0,0.0
0,0,0.0
0,0,0.0
0,0,0.0
0,0,0.0
0,0,0.0
0,0,0.0
0,0,0.0
0,0,0.0
0,0,0.0
0,0,0.0
0,0,0.0
0,0,0.0
0,0,0.0
0,0,0.0
0,0,0.0
0,0,0.0
0,0,0.0
0,0,0.0
0,0,0.0
0,0,0.0
0,0,0.0
0,0,0.0
0,0,0.0
0,0,0.0
0,0,0.0
0,0,0.0
0,0,0.0
0,0,0.0
0,0,0.0
0,0,0.0
0,0,0.0
0,0,0.0
0,0,0.0
0,0,0.0
0,0,0.0
0,0,0.0
0,0,0.0
0,0,0.0
0,0,0.0
0,0,0.0
0,0,0.0
0,0,0.0
0,0,0.0
1,1,1.3080348972326397
0,0,0.0
0,0,0.0
0,0,0.0
0,0,0.0
0,0,0.0
0,0,0.0
0,0,0.0
0,0,0.0
0,0,0.0
0,0,0.0
0,0,0.0
0,0,0.0
0,0,0.0
0,0,0.0
0,0,0.0
0,0,0.0
0,0,0.0
0,0,0.0
0,0,0.0
0,0,0.0
0,0,0.0
0,0,0.0
0,0,0.0
0,0,0.0
0,0,0.0
0,0,0.0
0,0,0.0
0,0,0.0
0,0,0.0
0,0,0.0
0,0,0.0
0,0,0.0
0,0,0.0
0,0,0.0
0,0,0.0
1,1,1.7695510786217261
0,0,0.0
0,0,0.0
0,0,0.0
0,0,0.0
0,0,0.0
0,0,0.0
0,0,0.0
0,0,0.0
0,0,0.0
0,0,0.0
0,0,0.0
0,0,0.0
0,0,0.0
0,0,0.0
0,0,0.0
0,0,0.0
0,0,0.0
0,0,0.0
1,1,1.453457336521869
0,0,0.0
0,0,0.0
0,0,0.0
0,0,0.0
0,0,0.0
0,0,0.0
0,0,0.0
0,0,0.0
0,0,0.0
0,0,0.0
0,0,0.0
0,0,0.0
0,0,0.0
1,3,6.357559223157626
1,8,22.367040138752603
0,0,0.0
0,0,0.0
0,0,0.0
0,0,0.0
0,0,0.0
1,1,2.2518119729937998
0,0,0.0
0,0,0.0
0,0,0.0
0,0,0.0
0,0,0.0
0,0,0.0
0,0,0.0
0,0,0.0
0,0,0.0
0,0,0.0
0,0,0.0
0,0,0.0
0,0,0.0
0,0,0.0
0,0,0.0
0,0,0.0
0,0,0.0
0,0,0.0
0,0,0.0
0,0,0.0
0,0,0.0
0,0,0.0
0,0,0.0
0,0,0.0
0,0,0.0
0,0,0.0
0,0,0.0
0,0,0.0
0,0,0.0
0,0,0.0
0,0,0.0
0,0,0.0
0,0,0.0
0,0,0.0
0,0,0.0
0,0,0.0
0,0,0.0
0,0,0.0
0,0,0.0
0,0,0.0
0,0,0.0
0,0,0.0
0,0,0.0
0,0,0.0
0,0,0.0
0,0,0.0
0,0,0.0
0,0,0.0
0,0,0.0
0,0,0.0
0,0,0.0
0,0,0.0
0,0,0.0
0,0,0.0
0,0,0.0
0,0,0.0
0,0,0.0
0,0,0.0
0,0,0.0
0,0,0.0
0,0,0.0
0,0,0.0
0,0,0.0
0,0,0.0
0,0,0.0
1,1,2.221848749616356
0,0,0.0
0,0,0.0
0,0,0.0
0,0,0.0
0,0,0.0
0,0,0.0
0,0,0.0
0,0,0.0
0,0,0.0
0,0,0.0
0,0,0.0
1,1,1.3767507096020997
0,0,0.0
0,0,0.0
0,0,0.0
0,0,0.0
0,0,0.0
0,0,0.0
0,0,0.0
0,0,0.0
0,0,0.0
0,0,0.0
0,0,0.0
0,0,0.0
0,0,0.0
0,0,0.0
0,0,0.0
0,0,0.0
0,0,0.0
0,0,0.0
0,0,0.0
1,2,2.8825828589336684
0,0,0.0
0,0,0.0
1,1,0.978810700930062
0,0,0.0
0,0,0.0
0,0,0.0
0,0,0.0
0,0,0.0
0,0,0.0
0,0,0.0
1,1,1.149966742310231
0,0,0.0
0,0,0.0
0,0,0.0
1,2,1.9412324446295808
0,0,0.0
0,0,0.0
0,0,0.0
0,0,0.0
0,0,0.0
0,0,0.0
0,0,0.0
0,0,0.0
0,0,0.0
0,0,0.0
0,0,0.0
0,0,0.0
0,0,0.0
0,0,0.0
1,2,2.0034813231526027
0,0,0.0
0,0,0.0
0,0,0.0
0,0,0.0
0,0,0.0
0,0,0.0
0,0,0.0
0,0,0.0
0,0,0.0
0,0,0.0
0,0,0.0
0,0,0.0
0,0,0.0
0,0,0.0
0,0,0.0
0,0,0.0
0,0,0.0
0,0,0.0
0,0,0.0
0,0,0.0
0,0,0.0
0,0,0.0
0,0,0.0
0,0,0.0
0,0,0.0
0,0,0.0
0,0,0.0
0,0,0.0
0,0,0.0
0,0,0.0
0,0,0.0
0,0,0.0
0,0,0.0
0,0,0.0
0,0,0.0
0,0,0.0
0,0,0.0
0,0,0.0
0,0,0.0
0,0,0.0
0,0,0.0
0,0,0.0
0,0,0.0
1,2,2.0857436046463738
0,0,0.0
0,0,0.0
0,0,0.0
0,0,0.0
0,0,0.0
0,0,0.0
0,0,0.0
0,0,0.0
0,0,0.0
0,0,0.0
0,0,0.0
0,0,0.0
0,0,0.0
1,3,6.392304840807071
0,0,0.0
0,0,0.0
0,0,0.0
0,0,0.0
0,0,0.0
0,0,0.0
0,0,0.0
0,0,0.0
0,0,0.0
0,0,0.0
0,0,0.0
1,1,2.468521082957745
1,2,2.206947565020889
0,0,0.0
0,0,0.0
0,0,0.0
0,0,0.0
0,0,0.0
0,0,0.0
0,0,0.0
0,0,0.0
0,0,0.0
0,0,0.0
0,0,0.0
0,0,0.0
0,0,0.0
0,0,0.0
0,0,0.0
0,0,0.0
1,1,1.1295960947209729
0,0,0.0
0,0,0.0
0,0,0.0
0,0,0.0
0,0,0.0
0,0,0.0
0,0,0.0
0,0,0.0
0,0,0.0
0,0,0.0
0,0,0.0
0,0,0.0
0,0,0.0
0,0,0.0
1,1,1.543633966870957
0,0,0.0
0,0,0.0
0,0,0.0
0,0,0.0
0,0,0.0
0,0,0.0
0,0,0.0
0,0,0.0
0,0,0.0
0,0,0.0
0,0,0.0
0,0,0.0
0,0,0.0
0,0,0.0
0,0,0.0
0,0,0.0
0,0,0.0
0,0,0.0
0,0,0.0
0,0,0.0
0,0,0.0
0,0,0.0
0,0,0.0
0,0,0.0
0,0,0.0
0,0,0.0
0,0,0.0
0,0,0.0
0,0,0.0
0,0,0.0
0,0,0.0
1,1,1.6345120151091004
0,0,0.0
0,0,0.0
0,0,0.0
0,0,0.0
0,0,0.0
0,0,0.0
0,0,0.0
0,0,0.0
0,0,0.0
0,0,0.0
0,0,0.0
0,0,0.0
0,0,0.0
0,0,0.0
0,0,0.0
0,0,0.0
1,4,4.481323177471786
0,0,0.0
0,0,0.0
0,0,0.0
0,0,0.0
0,0,0.0
0,0,0.0
0,0,0.0
0,0,0.0
0,0,0.0
0,0,0.0
0,0,0.0
0,0,0.0
0,0,0.0
0,0,0.0
0,0,0.0
0,0,0.0
0,0,0.0
1,2,2.1723722952325666
1,1,0.8046539416515803
0,0,0.0
0,0,0.0
0,0,0.0
0,0,0.0
0,0,0.0
0,0,0.0
0,0,0.0
0,0,0.0
0,0,0.0
0,0,0.0
0,0,0.0
0,0,0.0
0,0,0.0
0,0,0.0
0,0,0.0
0,0,0.0
0,0,0.0
0,0,0.0
0,0,0.0
0,0,0.0
0,0,0.0
0,0,0.0
1,1,0.7337683033101068
0,0,0.0
0,0,0.0
0,0,0.0
0,0,0.0
0,0,0.0
0,0,0.0
0,0,0.0
0,0,0.0
1,1,1.8477116556169435
0,0,0.0
0,0,0.0
1,1,1.2189630613788682
0,0,0.0
0,0,0.0
1,1,1.0186344909214555
0,0,0.0
0,0,0.0
0,0,0.0
0,0,0.0
0,0,0.0
0,0,0.0
0,0,0.0
0,0,0.0
0,0,0.0
0,0,0.0
0,0,0.0
0,0,0.0
0,0,0.0
0,0,0.0
0,0,0.0
0,0,0.0
0,0,0.0
0,0,0.0
0,0,0.0
0,0,0.0
0,0,0.0
0,0,0.0
0,0,0.0
0,0,0.0
0,0,0.0
0,0,0.0
0,0,0.0
0,0,0.0
0,0,0.0
0,0,0.0
0,0,0.0
0,0,0.0
0,0,0.0
0,0,0.0
0,0,0.0
0,0,0.0
0,0,0.0
0,0,0.0
0,0,0.0
0,0,0.0
0,0,0.0
0,0,0.0
0,0,0.0
0,0,0.0
0,0,0.0
0,0,0.0
0,0,0.0
0,0,0.0
0,0,0.0
0,0,0.0
0,0,0.0
0,0,0.0
0,0,0.0
0,0,0.0
0,0,0.0
0,0,0.0
0,0,0.0
0,0,0.0
0,0,0.0
0,0,0.0
0,0,0.0
0,0,0.0
0,0,0.0
0,0,0.0
0,0,0.0
0,0,0.0
0,0,0.0
1,6,2.266715862202228
0,0,0.0
0,0,0.0
0,0,0.0
0,0,0.0
0,0,0.0
0,0,0.0
0,0,0.0
0,0,0.0
0,0,0.0
0,0,0.0
0,0,0.0
0,0,0.0
0,0,0.0
0,0,0.0
0,0,0.0
0,0,0.0
0,0,0.0
0,0,0.0
0,0,0.0
0,0,0.0
0,0,0.0
1,1,1.8416375079047502
0,0,0.0
0,0,0.0
0,0,0.0
0,0,0.0
0,0,0.0
0,0,0.0
0,0,0.0
0,0,0.0
0,0,0.0
0,0,0.0
0,0,0.0
0,0,0.0
0,0,0.0
0,0,0.0
0,0,0.0
0,0,0.0
0,0,0.0
0,0,0.0
0,0,0.0
0,0,0.0
0,0,0.0
1,1,1.0259490972071226
0,0,0.0
0,0,0.0
0,0,0.0
0,0,0.0
0,0,0.0
0,0,0.0
0,0,0.0
0,0,0.0
0,0,0.0
1,1,1.5346171485515816
0,0,0.0
0,0,0.0
0,0,0.0
0,0,0.0
0,0,0.0
0,0,0.0
0,0,0.0
0,0,0.0
0,0,0.0
0,0,0.0
0,0,0.0
1,3,2.0736666790058367
0,0,0.0
0,0,0.0
0,0,0.0
0,0,0.0
0,0,0.0
1,1,0.7505570385574177
0,0,0.0
0,0,0.0
0,0,0.0
0,0,0.0
0,0,0.0
0,0,0.0
0,0,0.0
0,0,0.0
0,0,0.0
1,1,1.2365720064370627
0,0,0.0
0,0,0.0
0,0,0.0
0,0,0.0
0,0,0.0
0,0,0.0
0,0,0.0
0,0,0.0
0,0,0.0
0,0,0.0
0,0,0.0
0,0,0.0
0,0,0.0
0,0,0.0
0,0,0.0
0,0,0.0
0,0,0.0
0,0,0.0
0,0,0.0
0,0,0.0
0,0,0.0
0,0,0.0
0,0,0.0
0,0,0.0
0,0,0.0
0,0,0.0
0,0,0.0
0,0,0.0
0,0,0.0
0,0,0.0
0,0,0.0
0,0,0.0
0,0,0.0
0,0,0.0
0,0,0.0
0,0,0.0
0,0,0.0
0,0,0.0
0,0,0.0
0,0,0.0
0,0,0.0
0,0,0.0
0,0,0.0
0,0,0.0
0,0,0.0
0,0,0.0
0,0,0.0
0,0,0.0
0,0,0.0
0,0,0.0
0,0,0.0
1,1,1.1378686206869628
0,0,0.0
0,0,0.0
0,0,0.0
1,1,1.3565473235138126
0,0,0.0
0,0,0.0
0,0,0.0
0,0,0.0
0,0,0.0
0,0,0.0
0,0,0.0
0,0,0.0
0,0,0.0
0,0,0.0
0,0,0.0
1,2,2.1289854683505745
0,0,0.0
0,0,0.0
0,0,0.0
0,0,0.0
0,0,0.0
0,0,0.0
0,0,0.0
0,0,0.0
0,0,0.0
0,0,0.0
0,0,0.0
0,0,0.0
0,0,0.0
0,0,0.0
0,0,0.0
0,0,0.0
0,0,0.0
0,0,0.0
0,0,0.0
0,0,0.0
0,0,0.0
0,0,0.0
0,0,0.0
0,0,0.0
0,0,0.0
0,0,0.0
0,0,0.0
0,0,0.0
0,0,0.0
0,0,0.0
0,0,0.0
0,0,0.0
0,0,0.0
0,0,0.0
0,0,0.0
0,0,0.0
0,0,0.0
0,0,0.0
0,0,0.0
0,0,0.0
0,0,0.0
0,0,0.0
0,0,0.0
0,0,0.0
0,0,0.0
0,0,0.0
0,0,0.0
1,1,1.431798275933005
0,0,0.0
0,0,0.0
0,0,0.0
0,0,0.0
0,0,0.0
0,0,0.0
0,0,0.0
0,0,0.0
1,10,6.48590248074561
0,0,0.0
1,1,1.899629454882437
0,0,0.0
0,0,0.0
0,0,0.0
0,0,0.0
0,0,0.0
0,0,0.0
0,0,0.0
0,0,0.0
0,0,0.0
0,0,0.0
1,1,1.2941362877160807
0,0,0.0
0,0,0.0
0,0,0.0
0,0,0.0
1,4,2.0915149811213505
0,0,0.0
0,0,0.0
0,0,0.0
0,0,0.0
0,0,0.0
0,0,0.0
0,0,0.0
0,0,0.0
0,0,0.0
0,0,0.0
0,0,0.0
0,0,0.0
0,0,0.0
1,3,3.0668291841334563
0,0,0.0
0,0,0.0
0,0,0.0
0,0,0.0
0,0,0.0
0,0,0.0
0,0,0.0
0,0,0.0
0,0,0.0
0,0,0.0
0,0,0.0
0,0,0.0
0,0,0.0
0,0,0.0
0,0,0.0
0,0,0.0
0,0,0.0
0,0,0.0
0,0,0.0
0,0,0.0
0,0,0.0
0,0,0.0
0,0,0.0
0,0,0.0
0,0,0.0
0,0,0.0
0,0,0.0
0,0,0.0
0,0,0.0
0,0,0.0
0,0,0.0
0,0,0.0
0,0,0.0
0,0,0.0
0,0,0.0
0,0,0.0
0,0,0.0
0,0,0.0
0,0,0.0
0,0,0.0
0,0,0.0
0,0,0.0
0,0,0.0
1,1,1.5257837359237447
0,0,0.0
0,0,0.0
0,0,0.0
0,0,0.0
0,0,0.0
0,0,0.0
0,0,0.0
0,0,0.0
0,0,0.0
0,0,0.0
0,0,0.0
0,0,0.0
0,0,0.0
0,0,0.0
0,0,0.0
0,0,0.0
0,0,0.0
0,0,0.0
0,0,0.0
0,0,0.0
0,0,0.0
0,0,0.0
0,0,0.0
0,0,0.0
0,0,0.0
0,0,0.0
0,0,0.0
0,0,0.0
0,0,0.0
0,0,0.0
0,0,0.0
0,0,0.0
1,1,1.2975694635544748
0,0,0.0
0,0,0.0
0,0,0.0
0,0,0.0
0,0,0.0
0,0,0.0
0,0,0.0
0,0,0.0
0,0,0.0
0,0,0.0
0,0,0.0
0,0,0.0
0,0,0.0
0,0,0.0
1,1,0.9229956732066497
0,0,0.0
0,0,0.0
0,0,0.0
1,1,1.6161846340195687
0,0,0.0
0,0,0.0
0,0,0.0
0,0,0.0
0,0,0.0
0,0,0.0
0,0,0.0
0,0,0.0
0,0,0.0
0,0,0.0
0,0,0.0
0,0,0.0
0,0,0.0
0,0,0.0
0,0,0.0
0,0,0.0
0,0,0.0
0,0,0.0
0,0,0.0
0,0,0.0
0,0,0.0
0,0,0.0
0,0,0.0
0,0,0.0
0,0,0.0
0,0,0.0
0,0,0.0
1,1,0.9237237445957824
0,0,0.0
0,0,0.0
0,0,0.0
0,0,0.0
0,0,0.0
0,0,0.0
1,2,3.442492798094342
0,0,0.0
0,0,0.0
0,0,0.0
0,0,0.0
0,0,0.0
0,0,0.0
0,0,0.0
0,0,0.0
0,0,0.0
0,0,0.0
0,0,0.0
0,0,0.0
1,1,2.337242168318426
0,0,0.0
0,0,0.0
0,0,0.0
0,0,0.0
0,0,0.0
0,0,0.0
0,0,0.0
0,0,0.0
0,0,0.0
0,0,0.0
0,0,0.0
0,0,0.0
0,0,0.0
0,0,0.0
0,0,0.0
0,0,0.0
0,0,0.0
0,0,0.0
0,0,0.0
0,0,0.0
0,0,0.0
0,0,0.0
0,0,0.0
0,0,0.0
0,0,0.0
0,0,0.0
0,0,0.0
0,0,0.0
0,0,0.0
0,0,0.0
0,0,0.0
0,0,0.0
0,0,0.0
0,0,0.0
0,0,0.0
0,0,0.0
0,0,0.0
0,0,0.0
0,0,0.0
0,0,0.0
0,0,0.0
0,0,0.0
0,0,0.0
0,0,0.0
0,0,0.0
0,0,0.0
0,0,0.0
0,0,0.0
0,0,0.0
0,0,0.0
0,0,0.0
0,0,0.0
0,0,0.0
0,0,0.0
0,0,0.0
0,0,0.0
0,0,0.0
0,0,0.0
0,0,0.0
0,0,0.0
0,0,0.0
0,0,0.0
0,0,0.0
0,0,0.0
0,0,0.0
0,0,0.0
0,0,0.0
0,0,0.0
1,1,1.2034256667895704
0,0,0.0
0,0,0.0
0,0,0.0
0,0,0.0
0,0,0.0
0,0,0.0
0,0,0.0
0,0,0.0
0,0,0.0
0,0,0.0
0,0,0.0
0,0,0.0
0,0,0.0
0,0,0.0
0,0,0.0
0,0,0.0
0,0,0.0
0,0,0.0
0,0,0.0
0,0,0.0
0,0,0.0
0,0,0.0
0,0,0.0
0,0,0.0
0,0,0.0
0,0,0.0
0,0,0.0
0,0,0.0
0,0,0.0
0,0,0.0
0,0,0.0
0,0,0.0
0,0,0.0
0,0,0.0
0,0,0.0
0,0,0.0
0,0,0.0
0,0,0.0
0,0,0.0
0,0,0.0
0,0,0.0
0,0,0.0
0,0,0.0
0,0,0.0
0,0,0.0
0,0,0.0
1,1,1.8477116556169435
0,0,0.0
0,0,0.0
0,0,0.0
0,0,0.0
0,0,0.0
0,0,0.0
0,0,0.0
0,0,0.0
0,0,0.0
0,0,0.0
0,0,0.0
0,0,0.0
0,0,0.0
1,1,2.1307682802690238
0,0,0.0
0,0,0.0
0,0,0.0
0,0,0.0
0,0,0.0
0,0,0.0
0,0,0.0
0,0,0.0
0,0,0.0
0,0,0.0
0,0,0.0
0,0,0.0
0,0,0.0
0,0,0.0
0,0,0.0
0,0,0.0
0,0,0.0
0,0,0.0
0,0,0.0
0,0,0.0
0,0,0.0
0,0,0.0
0,0,0.0
0,0,0.0
0,0,0.0
0,0,0.0
0,0,0.0
0,0,0.0
0,0,0.0
0,0,0.0
0,0,0.0
0,0,0.0
0,0,0.0
0,0,0.0
0,0,0.0
0,0,0.0
0,0,0.0
0,0,0.0
0,0,0.0
0,0,0.0
0,0,0.0
0,0,0.0
0,0,0.0
0,0,0.0
0,0,0.0
0,0,0.0
0,0,0.0
0,0,0.0
0,0,0.0
0,0,0.0
0,0,0.0
0,0,0.0
0,0,0.0
0,0,0.0
0,0,0.0
0,0,0.0
0,0,0.0
0,0,0.0
0,0,0.0
0,0,0.0
0,0,0.0
0,0,0.0
0,0,0.0
0,0,0.0
0,0,0.0
0,0,0.0
0,0,0.0
0,0,0.0
0,0,0.0
0,0,0.0
0,0,0.0
0,0,0.0
0,0,0.0
0,0,0.0
0,0,0.0
0,0,0.0
0,0,0.0
0,0,0.0
0,0,0.0
0,0,0.0
0,0,0.0
0,0,0.0
0,0,0.0
0,0,0.0
0,0,0.0
0,0,0.0
1,1,1.0675262353228467
0,0,0.0
0,0,0.0
0,0,0.0
0,0,0.0
0,0,0.0
0,0,0.0
0,0,0.0
0,0,0.0
1,3,2.528536680281155
0,0,0.0
0,0,0.0
0,0,0.0
0,0,0.0
0,0,0.0
0,0,0.0
0,0,0.0
0,0,0.0
1,1,2.5228787452803374
0,0,0.0
0,0,0.0
0,0,0.0
0,0,0.0
0,0,0.0
0,0,0.0
0,0,0.0
0,0,0.0
0,0,0.0
0,0,0.0
0,0,0.0
0,0,0.0
0,0,0.0
0,0,0.0
0,0,0.0
0,0,0.0
0,0,0.0
0,0,0.0
0,0,0.0
0,0,0.0
0,0,0.0
0,0,0.0
0,0,0.0
0,0,0.0
0,0,0.0
0,0,0.0
0,0,0.0
0,0,0.0
0,0,0.0
0,0,0.0
0,0,0.0
0,0,0.0
0,0,0.0
0,0,0.0
0,0,0.0
1,1,0.9905491042013062
0,0,0.0
0,0,0.0
0,0,0.0
0,0,0.0
0,0,0.0
0,0,0.0
0,0,0.0
0,0,0.0
0,0,0.0
0,0,0.0
0,0,0.0
0,0,0.0
0,0,0.0
0,0,0.0
0,0,0.0
0,0,0.0
1,1,1.0969100130080565
0,0,0.0
1,1,2.4436974992327127
1,1,1.3872161432802645
0,0,0.0
0,0,0.0
0,0,0.0
0,0,0.0
0,0,0.0
0,0,0.0
0,0,0.0
0,0,0.0
0,0,0.0
0,0,0.0
0,0,0.0
0,0,0.0
0,0,0.0
0,0,0.0
0,0,0.0
0,0,0.0
0,0,0.0
0,0,0.0
0,0,0.0
0,0,0.0
0,0,0.0
0,0,0.0
0,0,0.0
0,0,0.0
1,1,1.4179366370882913
0,0,0.0
0,0,0.0
0,0,0.0
0,0,0.0
0,0,0.0
0,0,0.0
0,0,0.0
0,0,0.0
0,0,0.0
0,0,0.0
0,0,0.0
0,0,0.0
0,0,0.0
0,0,0.0
0,0,0.0
0,0,0.0
0,0,0.0
0,0,0.0
0,0,0.0
0,0,0.0
1,1,0.7654827164873134
0,0,0.0
0,0,0.0
0,0,0.0
0,0,0.0
0,0,0.0
0,0,0.0
0,0,0.0
0,0,0.0
0,0,0.0
0,0,0.0
0,0,0.0
0,0,0.0
0,0,0.0
0,0,0.0
0,0,0.0
0,0,0.0
0,0,0.0
0,0,0.0
0,0,0.0
0,0,0.0
0,0,0.0
0,0,0.0
0,0,0.0
0,0,0.0
0,0,0.0
0,0,0.0
0,0,0.0
0,0,0.0
0,0,0.0
0,0,0.0
0,0,0.0
0,0,0.0
0,0,0.0
0,0,0.0
0,0,0.0
0,0,0.0
0,0,0.0
0,0,0.0
0,0,0.0
0,0,0.0
0,0,0.0
0,0,0.0
0,0,0.0
1,1,1.578396073130169
0,0,0.0
0,0,0.0
0,0,0.0
0,0,0.0
0,0,0.0
0,0,0.0
0,0,0.0
0,0,0.0
0,0,0.0
0,0,0.0
0,0,0.0
0,0,0.0
0,0,0.0
1,1,1.7304870557820837
0,0,0.0
0,0,0.0
0,0,0.0
0,0,0.0
1,1,2.7958800173440754
1,4,11.415487857287047
0,0,0.0
1,2,3.2395775165767877
0,0,0.0
0,0,0.0
0,0,0.0
0,0,0.0
0,0,0.0
0,0,0.0
1,1,1.4001169279263121
0,0,0.0
0,0,0.0
0,0,0.0
0,0,0.0
0,0,0.0
0,0,0.0
0,0,0.0
0,0,0.0
0,0,0.0
0,0,0.0
0,0,0.0
0,0,0.0
0,0,0.0
0,0,0.0
0,0,0.0
0,0,0.0
0,0,0.0
0,0,0.0
0,0,0.0
1,1,1.744727494896694
0,0,0.0
0,0,0.0
1,1,1.2276782932770802
0,0,0.0
0,0,0.0
0,0,0.0
0,0,0.0
0,0,0.0
0,0,0.0
0,0,0.0
0,0,0.0
1,1,1.578396073130169
0,0,0.0
0,0,0.0
0,0,0.0
0,0,0.0
0,0,0.0
0,0,0.0
0,0,0.0
0,0,0.0
0,0,0.0
0,0,0.0
1,2,1.6408964176696246
0,0,0.0
1,1,1.3767507096020997
0,0,0.0
0,0,0.0
0,0,0.0
0,0,0.0
0,0,0.0
0,0,0.0
0,0,0.0
0,0,0.0
0,0,0.0
0,0,0.0
0,0,0.0
0,0,0.0
0,0,0.0
0,0,0.0
0,0,0.0
0,0,0.0
0,0,0.0
1,1,1.5346171485515816
0,0,0.0
0,0,0.0
0,0,0.0
0,0,0.0
0,0,0.0
0,0,0.0
0,0,0.0
0,0,0.0
0,0,0.0
0,0,0.0
0,0,0.0
0,0,0.0
0,0,0.0
0,0,0.0
0,0,0.0
0,0,0.0
0,0,0.0
0,0,0.0
0,0,0.0
0,0,0.0
0,0,0.0
0,0,0.0
1,1,1.2146701649892329
0,0,0.0
0,0,0.0
1,2,2.0992702912477537
0,0,0.0
0,0,0.0
0,0,0.0
0,0,0.0
0,0,0.0
0,0,0.0
0,0,0.0
0,0,0.0
0,0,0.0
0,0,0.0
0,0,0.0
0,0,0.0
0,0,0.0
0,0,0.0
0,0,0.0
0,0,0.0
0,0,0.0
0,0,0.0
0,0,0.0
0,0,0.0
0,0,0.0
0,0,0.0
0,0,0.0
0,0,0.0
0,0,0.0
0,0,0.0
0,0,0.0
0,0,0.0
0,0,0.0
0,0,0.0
0,0,0.0
0,0,0.0
0,0,0.0
0,0,0.0
0,0,0.0
0,0,0.0
0,0,0.0
0,0,0.0
0,0,0.0
0,0,0.0
0,0,0.0
0,0,0.0
0,0,0.0
0,0,0.0
0,0,0.0
0,0,0.0
0,0,0.0
0,0,0.0
0,0,0.0
0,0,0.0
0,0,0.0
0,0,0.0
0,0,0.0
0,0,0.0
0,0,0.0
0,0,0.0
0,0,0.0
0,0,0.0
0,0,0.0
0,0,0.0
0,0,0.0
0,0,0.0
0,0,0.0
0,0,0.0
0,0,0.0
0,0,0.0
0,0,0.0
0,0,0.0
0,0,0.0
1,1,1.0428718023231869
0,0,0.0
0,0,0.0
0,0,0.0
0,0,0.0
0,0,0.0
0,0,0.0
0,0,0.0
0,0,0.0
0,0,0.0
0,0,0.0
0,0,0.0
0,0,0.0
0,0,0.0
0,0,0.0
0,0,0.0
0,0,0.0
0,0,0.0
0,0,0.0
0,0,0.0
0,0,0.0
0,0,0.0
0,0,0.0
0,0,0.0
0,0,0.0
0,0,0.0
0,0,0.0
0,0,0.0
0,0,0.0
0,0,0.0
0,0,0.0
0,0,0.0
0,0,0.0
0,0,0.0
0,0,0.0
0,0,0.0
0,0,0.0
0,0,0.0
0,0,0.0
0,0,0.0
0,0,0.0
0,0,0.0
0,0,0.0
0,0,0.0
0,0,0.0
0,0,0.0
0,0,0.0
0,0,0.0
0,0,0.0
0,0,0.0
0,0,0.0
0,0,0.0
0,0,0.0
0,0,0.0
0,0,0.0
0,0,0.0
0,0,0.0
0,0,0.0
0,0,0.0
0,0,0.0
0,0,0.0
0,0,0.0
0,0,0.0
1,2,1.6618272850259546
0,0,0.0
0,0,0.0
0,0,0.0
0,0,0.0
0,0,0.0
0,0,0.0
0,0,0.0
0,0,0.0
0,0,0.0
0,0,0.0
0,0,0.0
0,0,0.0
0,0,0.0
0,0,0.0
0,0,0.0
0,0,0.0
0,0,0.0
0,0,0.0
0,0,0.0
0,0,0.0
0,0,0.0
0,0,0.0
0,0,0.0
0,0,0.0
0,0,0.0
0,0,0.0
0,0,0.0
0,0,0.0
0,0,0.0
0,0,0.0
0,0,0.0
0,0,0.0
0,0,0.0
1,1,1.5228787452803376
0,0,0.0
0,0,0.0
0,0,0.0
0,0,0.0
0,0,0.0
0,0,0.0
0,0,0.0
0,0,0.0
0,0,0.0
0,0,0.0
0,0,0.0
0,0,0.0
0,0,0.0
0,0,0.0
0,0,0.0
0,0,0.0
0,0,0.0
0,0,0.0
0,0,0.0
0,0,0.0
0,0,0.0
0,0,0.0
0,0,0.0
0,0,0.0
0,0,0.0
0,0,0.0
0,0,0.0
0,0,0.0
0,0,0.0
0,0,0.0
0,0,0.0
0,0,0.0
0,0,0.0
0,0,0.0
0,0,0.0
0,0,0.0
0,0,0.0
0,0,0.0
0,0,0.0
0,0,0.0
0,0,0.0
0,0,0.0
0,0,0.0
0,0,0.0
0,0,0.0
0,0,0.0
0,0,0.0
0,0,0.0
0,0,0.0
0,0,0.0
0,0,0.0
0,0,0.0
0,0,0.0
0,0,0.0
0,0,0.0
0,0,0.0
0,0,0.0
0,0,0.0
0,0,0.0
0,0,0.0
0,0,0.0
0,0,0.0
0,0,0.0
0,0,0.0
0,0,0.0
0,0,0.0
0,0,0.0
0,0,0.0
0,0,0.0
0,0,0.0
0,0,0.0
0,0,0.0
0,0,0.0
0,0,0.0
0,0,0.0
0,0,0.0
0,0,0.0
0,0,0.0
0,0,0.0
0,0,0.0
0,0,0.0
0,0,0.0
0,0,0.0
0,0,0.0
0,0,0.0
0,0,0.0
0,0,0.0
0,0,0.0
0,0,0.0
0,0,0.0
0,0,0.0
0,0,0.0
0,0,0.0
0,0,0.0
0,0,0.0
0,0,0.0
0,0,0.0
0,0,0.0
0,0,0.0
0,0,0.0
0,0,0.0
0,0,0.0
0,0,0.0
0,0,0.0
0,0,0.0
0,0,0.0
0,0,0.0
0,0,0.0
0,0,0.0
0,0,0.0
0,0,0.0
0,0,0.0
0,0,0.0
0,0,0.0
0,0,0.0
0,0,0.0
0,0,0.0
0,0,0.0
0,0,0.0
0,0,0.0
0,0,0.0
1,2,2.218040806020622
0,0,0.0
0,0,0.0
0,0,0.0
0,0,0.0
0,0,0.0
0,0,0.0
0,0,0.0
0,0,0.0
0,0,0.0
0,0,0.0
0,0,0.0
0,0,0.0
0,0,0.0
0,0,0.0
0,0,0.0
0,0,0.0
0,0,0.0
0,0,0.0
0,0,0.0
0,0,0.0
0,0,0.0
0,0,0.0
0,0,0.0
0,0,0.0
0,0,0.0
0,0,0.0
0,0,0.0
0,0,0.0
0,0,0.0
0,0,0.0
0,0,0.0
0,0,0.0
0,0,0.0
0,0,0.0
0,0,0.0
0,0,0.0
0,0,0.0
0,0,0.0
0,0,0.0
0,0,0.0
0,0,0.0
0,0,0.0
0,0,0.0
0,0,0.0
0,0,0.0
0,0,0.0
0,0,0.0
0,0,0.0
0,0,0.0
0,0,0.0
0,0,0.0
0,0,0.0
0,0,0.0
0,0,0.0
0,0,0.0
0,0,0.0
0,0,0.0
0,0,0.0
0,0,0.0
0,0,0.0
0,0,0.0
0,0,0.0
1,1,1.2487208960166578
0,0,0.0
0,0,0.0
0,0,0.0
0,0,0.0
0,0,0.0
0,0,0.0
0,0,0.0
0,0,0.0
0,0,0.0
0,0,0.0
0,0,0.0
0,0,0.0
0,0,0.0
1,5,2.656786658042444
0,0,0.0
0,0,0.0
0,0,0.0
0,0,0.0
0,0,0.0
0,0,0.0
0,0,0.0
0,0,0.0
0,0,0.0
0,0,0.0
0,0,0.0
0,0,0.0
0,0,0.0
0,0,0.0
0,0,0.0
0,0,0.0
0,0,0.0
