0,0,0.0
0,0,0.0
0,0,0.0
0,0,0.0
0,0,0.0
0,0,0.0
0,0,0.0
0,0,0.0
0,0,0.0
0,0,0.0
0,0,0.0
0,0,0.0
0,0,0.0
0,0,0.0
0,0,0.0
0,0,0.0
0,0,0.0
0,0,0.0
0,0,0.0
0,0,0.0
0,0,0.0
0,0,0.0
0,0,0.0
0,0,0.0
0,0,0.0
0,0,0.0
0,0,0.0
0,0,0.0
0,0,0.0
0,0,0.0
0,0,0.0
0,0,0.0
0,0,0.0
0,0,0.0
0,0,0.0
0,0,0.0
0,0,0.0
0,0,0.0
0,0,0.0
0,0,0.0
0,0,0.0
0,0,0.0
0,0,0.0
0,0,0.0
0,0,0.0
0,0,0.0
0,0,0.0
0,0,0.0
0,0,0.0
0,0,0.0
0,0,0.0
0,0,0.0
0,0,0.0
0,0,0.0
0,0,0.0
0,0,0.0
0,0,0.0
0,0,0.0
1,1,1.0925886392254138
0,0,0.0
0,0,0.0
0,0,0.0
0,0,0.0
1,1,1.453457336521869
0,0,0.0
1,1,1.3788237182249647
0,0,0.0
0,0,0.0
0,0,0.0
0,0,0.0
0,0,0.0
0,0,0.0
0,0,0.0
0,0,0.0
0,0,0.0
0,0,0.0
0,0,0.0
0,0,0.0
0,0,0.0
0,0,0.0
0,0,0.0
0,0,0.0
0,0,0.0
0,0,0.0
0,0,0.0
0,0,0.0
0,0,0.0
0,0,0.0
0,0,0.0
0,0,0.0
0,0,0.0
0,0,0.0
0,0,0.0
0,0,0.0
0,0,0.0
0,0,0.0
1,1,1.4271283977995197
0,0,0.0
0,0,0.0
0,0,0.0
0,0,0.0
0,0,0.0
0,0,0.0
0,0,0.0
0,0,0.0
0,0,0.0
1,1,0.7117507744280139
0,0,0.0
0,0,0.0
0,0,0.0
0,0,0.0
0,0,0.0
0,0,0.0
0,0,0.0
0,0,0.0
0,0,0.0
0,0,0.0
0,0,0.0
0,0,0.0
0,0,0.0
0,0,0.0
0,0,0.0
0,0,0.0
0,0,0.0
0,0,0.0
0,0,0.0
0,0,0.0
0,0,0.0
0,0,0.0
0,0,0.0
0,0,0.0
0,0,0.0
0,0,0.0
0,0,0.0
0,0,0.0
0,0,0.0
0,0,0.0
1,1,1.8794260687941502
0,0,0.0
0,0,0.0
0,0,0.0
0,0,0.0
0,0,0.0
0,0,0.0
0,0,0.0
1,1,1.4788619162959638
0,0,0.0
0,0,0.0
0,0,0.0
0,0,0.0
1,1,1.6575773191777938
0,0,0.0
0,0,0.0
0,0,0.0
1,1,2.221848749616356
0,0,0.0
0,0,0.0
0,0,0.0
0,0,0.0
0,0,0.0
0,0,0.0
0,0,0.0
0,0,0.0
0,0,0.0
0,0,0.0
0,0,0.0
0,0,0.0
0,0,0.0
0,0,0.0
0,0,0.0
0,0,0.0
0,0,0.0
0,0,0.0
0,0,0.0
0,0,0.0
0,0,0.0
0,0,0.0
0,0,0.0
0,0,0.0
0,0,0.0
0,0,0.0
0,0,0.0
0,0,0.0
0,0,0.0
0,0,0.0
0,0,0.0
0,0,0.0
0,0,0.0
0,0,0.0
0,0,0.0
0,0,0.0
0,0,0.0
1,6,5.828572483844774
0,0,0.0
0,0,0.0
0,0,0.0
0,0,0.0
0,0,0.0
0,0,0.0
0,0,0.0
0,0,0.0
0,0,0.0
0,0,0.0
0,0,0.0
0,0,0.0
0,0,0.0
0,0,0.0
0,0,0.0
0,0,0.0
0,0,0.0
0,0,0.0
0,0,0.0
0,0,0.0
0,0,0.0
1,1,1.368556230986828
0,0,0.0
0,0,0.0
0,0,0.0
0,0,0.0
0,0,0.0
0,0,0.0
0,0,0.0
0,0,0.0
0,0,0.0
1,1,0.83209218999852
0,0,0.0
0,0,0.0
0,0,0.0
0,0,0.0
0,0,0.0
0,0,0.0
0,0,0.0
0,0,0.0
0,0,0.0
0,0,0.0
0,0,0.0
0,0,0.0
0,0,0.0
1,1,1.575118363368933
0,0,0.0
0,0,0.0
0,0,0.0
0,0,0.0
0,0,0.0
0,0,0.0
0,0,0.0
0,0,0.0
0,0,0.0
0,0,0.0
0,0,0.0
1,1,0.9333014495770047
0,0,0.0
0,0,0.0
0,0,0.0
0,0,0.0
0,0,0.0
0,0,0.0
0,0,0.0
0,0,0.0
0,0,0.0
0,0,0.0
0,0,0.0
0,0,0.0
0,0,0.0
0,0,0.0
0,0,0.0
0,0,0.0
0,0,0.0
0,0,0.0
0,0,0.0
0,0,0.0
1,1,0.826813731587726
0,0,0.0
0,0,0.0
0,0,0.0
0,0,0.0
0,0,0.0
0,0,0.0
0,0,0.0
0,0,0.0
0,0,0.0
1,1,1.1112590393171073
0,0,0.0
0,0,0.0
0,0,0.0
0,0,0.0
0,0,0.0
0,0,0.0
0,0,0.0
0,0,0.0
0,0,0.0
0,0,0.0
0,0,0.0
0,0,0.0
0,0,0.0
0,0,0.0
0,0,0.0
0,0,0.0
0,0,0.0
0,0,0.0
0,0,0.0
0,0,0.0
0,0,0.0
0,0,0.0
0,0,0.0
0,0,0.0
1,4,6.646174025581581
1,1,1.9281179926938745
0,0,0.0
0,0,0.0
0,0,0.0
0,0,0.0
0,0,0.0
0,0,0.0
0,0,0.0
0,0,0.0
0,0,0.0
0,0,0.0
0,0,0.0
0,0,0.0
0,0,0.0
0,0,0.0
0,0,0.0
0,0,0.0
0,0,0.0
0,0,0.0
0,0,0.0
0,0,0.0
0,0,0.0
0,0,0.0
0,0,0.0
0,0,0.0
0,0,0.0
0,0,0.0
0,0,0.0
0,0,0.0
0,0,0.0
0,0,0.0
0,0,0.0
0,0,0.0
1,3,5.420626204936616
0,0,0.0
0,0,0.0
0,0,0.0
0,0,0.0
0,0,0.0
0,0,0.0
0,0,0.0
0,0,0.0
0,0,0.0
0,0,0.0
0,0,0.0
0,0,0.0
0,0,0.0
0,0,0.0
0,0,0.0
0,0,0.0
0,0,0.0
0,0,0.0
0,0,0.0
0,0,0.0
0,0,0.0
0,0,0.0
0,0,0.0
0,0,0.0
0,0,0.0
0,0,0.0
0,0,0.0
0,0,0.0
0,0,0.0
0,0,0.0
0,0,0.0
0,0,0.0
0,0,0.0
0,0,0.0
0,0,0.0
0,0,0.0
0,0,0.0
0,0,0.0
0,0,0.0
0,0,0.0
0,0,0.0
1,1,2.42021640338319
0,0,0.0
0,0,0.0
0,0,0.0
0,0,0.0
0,0,0.0
0,0,0.0
0,0,0.0
0,0,0.0
0,0,0.0
0,0,0.0
0,0,0.0
0,0,0.0
0,0,0.0
0,0,0.0
0,0,0.0
0,0,0.0
0,0,0.0
0,0,0.0
1,1,2.221848749616356
0,0,0.0
0,0,0.0
0,0,0.0
0,0,0.0
0,0,0.0
0,0,0.0
0,0,0.0
1,1,1.8181564120552274
0,0,0.0
0,0,0.0
0,0,0.0
0,0,0.0
0,0,0.0
0,0,0.0
0,0,0.0
0,0,0.0
0,0,0.0
0,0,0.0
0,0,0.0
0,0,0.0
0,0,0.0
0,0,0.0
0,0,0.0
0,0,0.0
0,0,0.0
0,0,0.0
0,0,0.0
0,0,0.0
0,0,0.0
0,0,0.0
0,0,0.0
0,0,0.0
0,0,0.0
0,0,0.0
0,0,0.0
0,0,0.0
0,0,0.0
0,0,0.0
0,0,0.0
0,0,0.0
0,0,0.0
0,0,0.0
0,0,0.0
0,0,0.0
0,0,0.0
0,0,0.0
0,0,0.0
0,0,0.0
0,0,0.0
0,0,0.0
0,0,0.0
0,0,0.0
0,0,0.0
0,0,0.0
0,0,0.0
0,0,0.0
0,0,0.0
0,0,0.0
0,0,0.0
0,0,0.0
0,0,0.0
0,0,0.0
0,0,0.0
0,0,0.0
0,0,0.0
0,0,0.0
0,0,0.0
0,0,0.0
0,0,0.0
0,0,0.0
0,0,0.0
0,0,0.0
0,0,0.0
0,0,0.0
0,0,0.0
0,0,0.0
0,0,0.0
0,0,0.0
0,0,0.0
0,0,0.0
0,0,0.0
0,0,0.0
0,0,0.0
1,1,1.6345120151091004
0,0,0.0
0,0,0.0
0,0,0.0
1,1,1.2873502983727887
0,0,0.0
0,0,0.0
0,0,0.0
0,0,0.0
0,0,0.0
0,0,0.0
0,0,0.0
0,0,0.0
0,0,0.0
1,1,0.5266590358140646
0,0,0.0
0,0,0.0
0,0,0.0
0,0,0.0
0,0,0.0
0,0,0.0
0,0,0.0
0,0,0.0
0,0,0.0
0,0,0.0
0,0,0.0
0,0,0.0
0,0,0.0
0,0,0.0
0,0,0.0
0,0,0.0
0,0,0.0
0,0,0.0
0,0,0.0
0,0,0.0
0,0,0.0
0,0,0.0
0,0,0.0
0,0,0.0
0,0,0.0
0,0,0.0
0,0,0.0
0,0,0.0
1,2,4.674484336636852
0,0,0.0
0,0,0.0
0,0,0.0
0,0,0.0
0,0,0.0
0,0,0.0
0,0,0.0
0,0,0.0
0,0,0.0
0,0,0.0
0,0,0.0
0,0,0.0
0,0,0.0
0,0,0.0
0,0,0.0
0,0,0.0
0,0,0.0
0,0,0.0
0,0,0.0
0,0,0.0
0,0,0.0
0,0,0.0
0,0,0.0
0,0,0.0
0,0,0.0
0,0,0.0
0,0,0.0
0,0,0.0
0,0,0.0
0,0,0.0
0,0,0.0
0,0,0.0
0,0,0.0
0,0,0.0
0,0,0.0
0,0,0.0
0,0,0.0
0,0,0.0
0,0,0.0
0,0,0.0
0,0,0.0
0,0,0.0
0,0,0.0
0,0,0.0
0,0,0.0
0,0,0.0
0,0,0.0
0,0,0.0
0,0,0.0
1,1,1.6382721639824072
1,1,0.7670038896078462
0,0,0.0
0,0,0.0
0,0,0.0
0,0,0.0
0,0,0.0
0,0,0.0
0,0,0.0
0,0,0.0
0,0,0.0
0,0,0.0
0,0,0.0
0,0,0.0
0,0,0.0
0,0,0.0
0,0,0.0
0,0,0.0
0,0,0.0
0,0,0.0
0,0,0.0
0,0,0.0
0,0,0.0
0,0,0.0
0,0,0.0
0,0,0.0
0,0,0.0
1,1,1.9507819773298185
0,0,0.0
0,0,0.0
0,0,0.0
0,0,0.0
0,0,0.0
0,0,0.0
0,0,0.0
0,0,0.0
1,3,3.4796817166297265
0,0,0.0
0,0,0.0
0,0,0.0
0,0,0.0
0,0,0.0
0,0,0.0
0,0,0.0
0,0,0.0
0,0,0.0
0,0,0.0
0,0,0.0
0,0,0.0
0,0,0.0
0,0,0.0
0,0,0.0
0,0,0.0
0,0,0.0
0,0,0.0
0,0,0.0
1,1,1.5228787452803376
0,0,0.0
0,0,0.0
0,0,0.0
0,0,0.0
0,0,0.0
0,0,0.0
0,0,0.0
0,0,0.0
0,0,0.0
0,0,0.0
1,2,2.1681455766057685
0,0,0.0
0,0,0.0
0,0,0.0
0,0,0.0
0,0,0.0
0,0,0.0
0,0,0.0
0,0,0.0
0,0,0.0
0,0,0.0
0,0,0.0
0,0,0.0
0,0,0.0
0,0,0.0
0,0,0.0
0,0,0.0
0,0,0.0
0,0,0.0
0,0,0.0
0,0,0.0
1,2,3.3892972611067522
1,1,1.853871964321762
0,0,0.0
0,0,0.0
0,0,0.0
0,0,0.0
0,0,0.0
1,1,1.0555173278498313
0,0,0.0
0,0,0.0
0,0,0.0
0,0,0.0
0,0,0.0
0,0,0.0
0,0,0.0
0,0,0.0
0,0,0.0
0,0,0.0
0,0,0.0
0,0,0.0
0,0,0.0
0,0,0.0
0,0,0.0
0,0,0.0
0,0,0.0
0,0,0.0
0,0,0.0
0,0,0.0
0,0,0.0
0,0,0.0
0,0,0.0
0,0,0.0
1,1,1.2596373105057561
0,0,0.0
0,0,0.0
0,0,0.0
0,0,0.0
0,0,0.0
0,0,0.0
0,0,0.0
0,0,0.0
0,0,0.0
0,0,0.0
0,0,0.0
0,0,0.0
0,0,0.0
0,0,0.0
0,0,0.0
0,0,0.0
1,1,1.1739251972991736
0,0,0.0
0,0,0.0
0,0,0.0
0,0,0.0
0,0,0.0
0,0,0.0
0,0,0.0
0,0,0.0
0,0,0.0
0,0,0.0
0,0,0.0
0,0,0.0
0,0,0.0
0,0,0.0
0,0,0.0
1,1,2.744727494896694
0,0,0.0
0,0,0.0
0,0,0.0
0,0,0.0
0,0,0.0
0,0,0.0
0,0,0.0
0,0,0.0
0,0,0.0
0,0,0.0
0,0,0.0
0,0,0.0
0,0,0.0
0,0,0.0
0,0,0.0
0,0,0.0
0,0,0.0
1,1,0.3872161432802645
0,0,0.0
0,0,0.0
0,0,0.0
0,0,0.0
0,0,0.0
0,0,0.0
0,0,0.0
0,0,0.0
0,0,0.0
0,0,0.0
0,0,0.0
0,0,0.0
0,0,0.0
0,0,0.0
0,0,0.0
0,0,0.0
0,0,0.0
0,0,0.0
0,0,0.0
0,0,0.0
0,0,0.0
0,0,0.0
0,0,0.0
0,0,0.0
0,0,0.0
0,0,0.0
0,0,0.0
0,0,0.0
0,0,0.0
0,0,0.0
0,0,0.0
0,0,0.0
0,0,0.0
0,0,0.0
0,0,0.0
0,0,0.0
0,0,0.0
0,0,0.0
0,0,0.0
0,0,0.0
0,0,0.0
0,0,0.0
1,1,1.393618634889395
1,1,1.1739251972991736
0,0,0.0
0,0,0.0
0,0,0.0
0,0,0.0
0,0,0.0
0,0,0.0
0,0,0.0
0,0,0.0
0,0,0.0
0,0,0.0
0,0,0.0
0,0,0.0
0,0,0.0
0,0,0.0
0,0,0.0
0,0,0.0
0,0,0.0
0,0,0.0
0,0,0.0
0,0,0.0
0,0,0.0
0,0,0.0
0,0,0.0
0,0,0.0
0,0,0.0
0,0,0.0
0,0,0.0
0,0,0.0
0,0,0.0
0,0,0.0
0,0,0.0
0,0,0.0
0,0,0.0
0,0,0.0
0,0,0.0
1,1,1.578396073130169
0,0,0.0
0,0,0.0
0,0,0.0
0,0,0.0
0,0,0.0
0,0,0.0
0,0,0.0
0,0,0.0
0,0,0.0
0,0,0.0
0,0,0.0
0,0,0.0
0,0,0.0
0,0,0.0
0,0,0.0
0,0,0.0
0,0,0.0
0,0,0.0
0,0,0.0
0,0,0.0
0,0,0.0
0,0,0.0
0,0,0.0
0,0,0.0
0,0,0.0
0,0,0.0
0,0,0.0
0,0,0.0
0,0,0.0
0,0,0.0
0,0,0.0
0,0,0.0
0,0,0.0
0,0,0.0
0,0,0.0
0,0,0.0
0,0,0.0
0,0,0.0
0,0,0.0
0,0,0.0
0,0,0.0
0,0,0.0
0,0,0.0
0,0,0.0
0,0,0.0
0,0,0.0
0,0,0.0
0,0,0.0
0,0,0.0
0,0,0.0
0,0,0.0
0,0,0.0
0,0,0.0
0,0,0.0
0,0,0.0
1,1,0.8658228924232336
0,0,0.0
0,0,0.0
0,0,0.0
0,0,0.0
0,0,0.0
0,0,0.0
0,0,0.0
0,0,0.0
0,0,0.0
0,0,0.0
0,0,0.0
0,0,0.0
0,0,0.0
0,0,0.0
0,0,0.0
0,0,0.0
0,0,0.0
1,1,1.9208187539523751
0,0,0.0
0,0,0.0
0,0,0.0
1,1,1.1307682802690238
0,0,0.0
0,0,0.0
0,0,0.0
0,0,0.0
0,0,0.0
0,0,0.0
0,0,0.0
0,0,0.0
0,0,0.0
0,0,0.0
0,0,0.0
0,0,0.0
0,0,0.0
0,0,0.0
0,0,0.0
0,0,0.0
0,0,0.0
0,0,0.0
0,0,0.0
1,1,2.0861861476162833
0,0,0.0
0,0,0.0
0,0,0.0
0,0,0.0
0,0,0.0
0,0,0.0
0,0,0.0
0,0,0.0
1,1,1.7746907182741372
0,0,0.0
0,0,0.0
0,0,0.0
0,0,0.0
0,0,0.0
0,0,0.0
0,0,0.0
0,0,0.0
1,1,1.0333890133180657
0,0,0.0
0,0,0.0
0,0,0.0
0,0,0.0
0,0,0.0
0,0,0.0
0,0,0.0
0,0,0.0
0,0,0.0
0,0,0.0
0,0,0.0
0,0,0.0
0,0,0.0
0,0,0.0
0,0,0.0
0,0,0.0
0,0,0.0
0,0,0.0
0,0,0.0
0,0,0.0
1,1,0.6757175447023074
0,0,0.0
0,0,0.0
0,0,0.0
0,0,0.0
0,0,0.0
0,0,0.0
0,0,0.0
0,0,0.0
0,0,0.0
0,0,0.0
0,0,0.0
0,0,0.0
0,0,0.0
0,0,0.0
0,0,0.0
0,0,0.0
0,0,0.0
0,0,0.0
0,0,0.0
0,0,0.0
0,0,0.0
0,0,0.0
0,0,0.0
0,0,0.0
0,0,0.0
0,0,0.0
0,0,0.0
0,0,0.0
0,0,0.0
0,0,0.0
0,0,0.0
0,0,0.0
1,1,1.764471553092451
0,0,0.0
1,2,3.1437304119424225
0,0,0.0
0,0,0.0
0,0,0.0
1,2,2.3023905978963928
0,0,0.0
0,0,0.0
0,0,0.0
0,0,0.0
0,0,0.0
0,0,0.0
0,0,0.0
0,0,0.0
0,0,0.0
0,0,0.0
0,0,0.0
0,0,0.0
0,0,0.0
0,0,0.0
0,0,0.0
0,0,0.0
0,0,0.0
0,0,0.0
0,0,0.0
0,0,0.0
0,0,0.0
0,0,0.0
0,0,0.0
0,0,0.0
0,0,0.0
0,0,0.0
0,0,0.0
0,0,0.0
0,0,0.0
0,0,0.0
0,0,0.0
0,0,0.0
0,0,0.0
0,0,0.0
0,0,0.0
0,0,0.0
1,1,2.036212172654445
0,0,0.0
0,0,0.0
0,0,0.0
1,1,1.6270879970298935
0,0,0.0
0,0,0.0
0,0,0.0
0,0,0.0
0,0,0.0
0,0,0.0
0,0,0.0
0,0,0.0
0,0,0.0
0,0,0.0
0,0,0.0
0,0,0.0
0,0,0.0
0,0,0.0
0,0,0.0
0,0,0.0
0,0,0.0
0,0,0.0
0,0,0.0
0,0,0.0
0,0,0.0
0,0,0.0
0,0,0.0
0,0,0.0
1,1,1.0936649581949094
0,0,0.0
0,0,0.0
0,0,0.0
0,0,0.0
0,0,0.0
0,0,0.0
0,0,0.0
0,0,0.0
0,0,0.0
0,0,0.0
0,0,0.0
0,0,0.0
0,0,0.0
0,0,0.0
0,0,0.0
0,0,0.0
0,0,0.0
0,0,0.0
0,0,0.0
0,0,0.0
0,0,0.0
0,0,0.0
0,0,0.0
1,1,1.6946486305533761
0,0,0.0
0,0,0.0
0,0,0.0
0,0,0.0
0,0,0.0
0,0,0.0
0,0,0.0
0,0,0.0
0,0,0.0
0,0,0.0
0,0,0.0
0,0,0.0
0,0,0.0
0,0,0.0
0,0,0.0
0,0,0.0
1,1,0.9730583720409706
0,0,0.0
0,0,0.0
0,0,0.0
0,0,0.0
0,0,0.0
0,0,0.0
0,0,0.0
0,0,0.0
0,0,0.0
0,0,0.0
0,0,0.0
0,0,0.0
0,0,0.0
0,0,0.0
0,0,0.0
0,0,0.0
0,0,0.0
0,0,0.0
0,0,0.0
0,0,0.0
1,1,1.6989700043360187
0,0,0.0
0,0,0.0
0,0,0.0
0,0,0.0
0,0,0.0
0,0,0.0
0,0,0.0
0,0,0.0
0,0,0.0
0,0,0.0
0,0,0.0
0,0,0.0
0,0,0.0
0,0,0.0
1,2,4.172372295232567
0,0,0.0
0,0,0.0
0,0,0.0
0,0,0.0
0,0,0.0
0,0,0.0
0,0,0.0
0,0,0.0
0,0,0.0
0,0,0.0
0,0,0.0
0,0,0.0
0,0,0.0
0,0,0.0
0,0,0.0
1,1,1.348721986001856
0,0,0.0
0,0,0.0
0,0,0.0
0,0,0.0
0,0,0.0
0,0,0.0
0,0,0.0
1,1,1.8239087409443189
0,0,0.0
0,0,0.0
0,0,0.0
0,0,0.0
0,0,0.0
0,0,0.0
0,0,0.0
0,0,0.0
0,0,0.0
0,0,0.0
0,0,0.0
0,0,0.0
0,0,0.0
0,0,0.0
0,0,0.0
0,0,0.0
0,0,0.0
0,0,0.0
0,0,0.0
0,0,0.0
0,0,0.0
0,0,0.0
0,0,0.0
0,0,0.0
0,0,0.0
0,0,0.0
0,0,0.0
0,0,0.0
0,0,0.0
0,0,0.0
0,0,0.0
0,0,0.0
0,0,0.0
0,0,0.0
0,0,0.0
0,0,0.0
0,0,0.0
1,2,4.84043280676638
0,0,0.0
0,0,0.0
0,0,0.0
0,0,0.0
0,0,0.0
0,0,0.0
0,0,0.0
0,0,0.0
0,0,0.0
0,0,0.0
1,1,2.468521082957745
0,0,0.0
0,0,0.0
0,0,0.0
0,0,0.0
0,0,0.0
1,1,1.1536628878701947
0,0,0.0
0,0,0.0
0,0,0.0
0,0,0.0
0,0,0.0
0,0,0.0
0,0,0.0
0,0,0.0
0,0,0.0
0,0,0.0
0,0,0.0
0,0,0.0
0,0,0.0
0,0,0.0
0,0,0.0
0,0,0.0
0,0,0.0
0,0,0.0
0,0,0.0
0,0,0.0
0,0,0.0
0,0,0.0
0,0,0.0
0,0,0.0
0,0,0.0
0,0,0.0
0,0,0.0
0,0,0.0
1,2,1.9140618532136398
0,0,0.0
0,0,0.0
0,0,0.0
0,0,0.0
0,0,0.0
0,0,0.0
0,0,0.0
0,0,0.0
0,0,0.0
0,0,0.0
0,0,0.0
0,0,0.0
1,1,1.4365189146055894
0,0,0.0
0,0,0.0
1,1,1.4841261562883208
0,0,0.0
0,0,0.0
0,0,0.0
0,0,0.0
0,0,0.0
0,0,0.0
0,0,0.0
0,0,0.0
0,0,0.0
0,0,0.0
0,0,0.0
0,0,0.0
0,0,0.0
0,0,0.0
0,0,0.0
0,0,0.0
0,0,0.0
0,0,0.0
1,1,2.0757207139381184
0,0,0.0
0,0,0.0
0,0,0.0
0,0,0.0
0,0,0.0
0,0,0.0
0,0,0.0
1,2,1.9412324446295808
0,0,0.0
0,0,0.0
0,0,0.0
0,0,0.0
0,0,0.0
0,0,0.0
0,0,0.0
0,0,0.0
0,0,0.0
0,0,0.0
0,0,0.0
0,0,0.0
0,0,0.0
0,0,0.0
0,0,0.0
0,0,0.0
0,0,0.0
0,0,0.0
0,0,0.0
0,0,0.0
0,0,0.0
0,0,0.0
1,1,2.853871964321762
0,0,0.0
0,0,0.0
0,0,0.0
1,2,5.239577516576788
0,0,0.0
0,0,0.0
0,0,0.0
0,0,0.0
0,0,0.0
0,0,0.0
0,0,0.0
0,0,0.0
0,0,0.0
0,0,0.0
0,0,0.0
0,0,0.0
0,0,0.0
0,0,0.0
0,0,0.0
0,0,0.0
0,0,0.0
1,1,2.744727494896694
0,0,0.0
0,0,0.0
0,0,0.0
0,0,0.0
0,0,0.0
0,0,0.0
0,0,0.0
0,0,0.0
0,0,0.0
0,0,0.0
0,0,0.0
0,0,0.0
0,0,0.0
1,1,1.0428718023231869
0,0,0.0
0,0,0.0
0,0,0.0
0,0,0.0
0,0,0.0
0,0,0.0
0,0,0.0
0,0,0.0
0,0,0.0
0,0,0.0
0,0,0.0
0,0,0.0
0,0,0.0
0,0,0.0
0,0,0.0
0,0,0.0
0,0,0.0
0,0,0.0
1,3,5.618685604905577
0,0,0.0
0,0,0.0
0,0,0.0
0,0,0.0
0,0,0.0
0,0,0.0
0,0,0.0
1,1,1.1034737825104446
0,0,0.0
0,0,0.0
0,0,0.0
0,0,0.0
0,0,0.0
0,0,0.0
0,0,0.0
0,0,0.0
0,0,0.0
0,0,0.0
1,1,1.5528419686577808
0,0,0.0
0,0,0.0
0,0,0.0
0,0,0.0
0,0,0.0
0,0,0.0
1,2,3.6026858260911547
0,0,0.0
0,0,0.0
0,0,0.0
0,0,0.0
0,0,0.0
0,0,0.0
0,0,0.0
0,0,0.0
0,0,0.0
0,0,0.0
0,0,0.0
0,0,0.0
0,0,0.0
0,0,0.0
0,0,0.0
0,0,0.0
0,0,0.0
0,0,0.0
0,0,0.0
0,0,0.0
0,0,0.0
0,0,0.0
0,0,0.0
0,0,0.0
0,0,0.0
0,0,0.0
0,0,0.0
0,0,0.0
0,0,0.0
0,0,0.0
0,0,0.0
0,0,0.0
0,0,0.0
0,0,0.0
0,0,0.0
0,0,0.0
0,0,0.0
0,0,0.0
0,0,0.0
0,0,0.0
0,0,0.0
0,0,0.0
0,0,0.0
0,0,0.0
0,0,0.0
0,0,0.0
0,0,0.0
0,0,0.0
0,0,0.0
0,0,0.0
0,0,0.0
0,0,0.0
0,0,0.0
0,0,0.0
0,0,0.0
0,0,0.0
0,0,0.0
0,0,0.0
0,0,0.0
0,0,0.0
0,0,0.0
0,0,0.0
0,0,0.0
0,0,0.0
0,0,0.0
0,0,0.0
0,0,0.0
0,0,0.0
0,0,0.0
0,0,0.0
0,0,0.0
0,0,0.0
0,0,0.0
0,0,0.0
0,0,0.0
0,0,0.0
0,0,0.0
0,0,0.0
0,0,0.0
1,2,3.331092497698138
0,0,0.0
0,0,0.0
0,0,0.0
0,0,0.0
0,0,0.0
0,0,0.0
0,0,0.0
0,0,0.0
0,0,0.0
0,0,0.0
0,0,0.0
0,0,0.0
0,0,0.0
0,0,0.0
0,0,0.0
0,0,0.0
0,0,0.0
0,0,0.0
0,0,0.0
0,0,0.0
0,0,0.0
1,10,20.969100130080562
0,0,0.0
1,1,1.3080348972326397
0,0,0.0
0,0,0.0
0,0,0.0
0,0,0.0
0,0,0.0
0,0,0.0
0,0,0.0
0,0,0.0
0,0,0.0
0,0,0.0
0,0,0.0
0,0,0.0
0,0,0.0
0,0,0.0
0,0,0.0
0,0,0.0
0,0,0.0
0,0,0.0
0,0,0.0
0,0,0.0
0,0,0.0
0,0,0.0
0,0,0.0
0,0,0.0
0,0,0.0
0,0,0.0
0,0,0.0
0,0,0.0
0,0,0.0
0,0,0.0
0,0,0.0
0,0,0.0
0,0,0.0
0,0,0.0
0,0,0.0
0,0,0.0
0,0,0.0
0,0,0.0
0,0,0.0
1,1,2.167491087293764
0,0,0.0
0,0,0.0
0,0,0.0
0,0,0.0
0,0,0.0
0,0,0.0
0,0,0.0
0,0,0.0
0,0,0.0
0,0,0.0
0,0,0.0
0,0,0.0
0,0,0.0
0,0,0.0
0,0,0.0
0,0,0.0
0,0,0.0
1,1,2.1079053973095196
0,0,0.0
0,0,0.0
0,0,0.0
0,0,0.0
0,0,0.0
0,0,0.0
0,0,0.0
0,0,0.0
0,0,0.0
0,0,0.0
0,0,0.0
0,0,0.0
0,0,0.0
0,0,0.0
0,0,0.0
0,0,0.0
0,0,0.0
0,0,0.0
0,0,0.0
0,0,0.0
0,0,0.0
0,0,0.0
0,0,0.0
0,0,0.0
0,0,0.0
0,0,0.0
0,0,0.0
0,0,0.0
0,0,0.0
0,0,0.0
0,0,0.0
0,0,0.0
0,0,0.0
0,0,0.0
0,0,0.0
0,0,0.0
0,0,0.0
0,0,0.0
0,0,0.0
0,0,0.0
0,0,0.0
0,0,0.0
0,0,0.0
0,0,0.0
0,0,0.0
0,0,0.0
0,0,0.0
0,0,0.0
0,0,0.0
0,0,0.0
0,0,0.0
0,0,0.0
0,0,0.0
0,0,0.0
0,0,0.0
0,0,0.0
0,0,0.0
0,0,0.0
0,0,0.0
0,0,0.0
0,0,0.0
0,0,0.0
0,0,0.0
0,0,0.0
0,0,0.0
0,0,0.0
0,0,0.0
0,0,0.0
0,0,0.0
0,0,0.0
0,0,0.0
0,0,0.0
0,0,0.0
0,0,0.0
0,0,0.0
0,0,0.0
0,0,0.0
0,0,0.0
0,0,0.0
0,0,0.0
0,0,0.0
0,0,0.0
0,0,0.0
0,0,0.0
0,0,0.0
0,0,0.0
0,0,0.0
0,0,0.0
0,0,0.0
0,0,0.0
0,0,0.0
0,0,0.0
0,0,0.0
0,0,0.0
0,0,0.0
0,0,0.0
0,0,0.0
0,0,0.0
0,0,0.0
0,0,0.0
0,0,0.0
0,0,0.0
0,0,0.0
0,0,0.0
0,0,0.0
0,0,0.0
0,0,0.0
1,1,1.2365720064370627
0,0,0.0
0,0,0.0
0,0,0.0
0,0,0.0
0,0,0.0
0,0,0.0
0,0,0.0
0,0,0.0
0,0,0.0
0,0,0.0
0,0,0.0
0,0,0.0
0,0,0.0
0,0,0.0
0,0,0.0
0,0,0.0
0,0,0.0
0,0,0.0
0,0,0.0
0,0,0.0
0,0,0.0
0,0,0.0
0,0,0.0
0,0,0.0
0,0,0.0
0,0,0.0
0,0,0.0
0,0,0.0
0,0,0.0
0,0,0.0
0,0,0.0
0,0,0.0
0,0,0.0
0,0,0.0
0,0,0.0
0,0,0.0
0,0,0.0
0,0,0.0
0,0,0.0
0,0,0.0
0,0,0.0
0,0,0.0
0,0,0.0
0,0,0.0
0,0,0.0
0,0,0.0
0,0,0.0
0,0,0.0
0,0,0.0
0,0,0.0
0,0,0.0
1,4,4.551474482747851
0,0,0.0
0,0,0.0
0,0,0.0
0,0,0.0
0,0,0.0
0,0,0.0
0,0,0.0
0,0,0.0
0,0,0.0
0,0,0.0
0,0,0.0
0,0,0.0
0,0,0.0
0,0,0.0
0,0,0.0
0,0,0.0
0,0,0.0
0,0,0.0
0,0,0.0
0,0,0.0
0,0,0.0
0,0,0.0
0,0,0.0
0,0,0.0
0,0,0.0
0,0,0.0
0,0,0.0
0,0,0.0
0,0,0.0
0,0,0.0
0,0,0.0
0,0,0.0
0,0,0.0
0,0,0.0
0,0,0.0
0,0,0.0
0,0,0.0
0,0,0.0
0,0,0.0
0,0,0.0
0,0,0.0
0,0,0.0
0,0,0.0
0,0,0.0
0,0,0.0
0,0,0.0
0,0,0.0
0,0,0.0
0,0,0.0
0,0,0.0
0,0,0.0
0,0,0.0
0,0,0.0
0,0,0.0
0,0,0.0
0,0,0.0
0,0,0.0
0,0,0.0
0,0,0.0
0,0,0.0
0,0,0.0
0,0,0.0
0,0,0.0
0,0,0.0
0,0,0.0
0,0,0.0
0,0,0.0
0,0,0.0
0,0,0.0
0,0,0.0
0,0,0.0
0,0,0.0
0,0,0.0
0,0,0.0
0,0,0.0
0,0,0.0
0,0,0.0
0,0,0.0
0,0,0.0
0,0,0.0
0,0,0.0
0,0,0.0
0,0,0.0
0,0,0.0
0,0,0.0
0,0,0.0
0,0,0.0
1,1,1.2118316288588322
0,0,0.0
0,0,0.0
0,0,0.0
0,0,0.0
0,0,0.0
0,0,0.0
0,0,0.0
0,0,0.0
0,0,0.0
0,0,0.0
0,0,0.0
0,0,0.0
0,0,0.0
0,0,0.0
0,0,0.0
0,0,0.0
0,0,0.0
0,0,0.0
0,0,0.0
0,0,0.0
0,0,0.0
0,0,0.0
0,0,0.0
0,0,0.0
0,0,0.0
0,0,0.0
0,0,0.0
0,0,0.0
0,0,0.0
1,1,2.7958800173440754
0,0,0.0
0,0,0.0
0,0,0.0
0,0,0.0
0,0,0.0
0,0,0.0
0,0,0.0
0,0,0.0
0,0,0.0
0,0,0.0
0,0,0.0
0,0,0.0
0,0,0.0
0,0,0.0
0,0,0.0
0,0,0.0
0,0,0.0
0,0,0.0
0,0,0.0
0,0,0.0
0,0,0.0
0,0,0.0
0,0,0.0
0,0,0.0
0,0,0.0
0,0,0.0
0,0,0.0
0,0,0.0
0,0,0.0
0,0,0.0
0,0,0.0
0,0,0.0
0,0,0.0
0,0,0.0
0,0,0.0
0,0,0.0
0,0,0.0
0,0,0.0
0,0,0.0
0,0,0.0
0,0,0.0
0,0,0.0
0,0,0.0
0,0,0.0
0,0,0.0
0,0,0.0
0,0,0.0
0,0,0.0
0,0,0.0
0,0,0.0
0,0,0.0
1,6,11.049825047428502
0,0,0.0
0,0,0.0
0,0,0.0
0,0,0.0
0,0,0.0
0,0,0.0
0,0,0.0
0,0,0.0
0,0,0.0
0,0,0.0
0,0,0.0
1,1,1.2975694635544748
0,0,0.0
0,0,0.0
0,0,0.0
0,0,0.0
0,0,0.0
0,0,0.0
0,0,0.0
0,0,0.0
0,0,0.0
0,0,0.0
0,0,0.0
1,1,2.468521082957745
0,0,0.0
0,0,0.0
0,0,0.0
0,0,0.0
0,0,0.0
0,0,0.0
0,0,0.0
0,0,0.0
0,0,0.0
0,0,0.0
0,0,0.0
0,0,0.0
0,0,0.0
0,0,0.0
0,0,0.0
0,0,0.0
0,0,0.0
0,0,0.0
0,0,0.0
0,0,0.0
0,0,0.0
0,0,0.0
0,0,0.0
0,0,0.0
0,0,0.0
0,0,0.0
0,0,0.0
0,0,0.0
0,0,0.0
0,0,0.0
0,0,0.0
0,0,0.0
0,0,0.0
0,0,0.0
1,1,0.9237237445957824
0,0,0.0
0,0,0.0
0,0,0.0
1,1,1.0604807473813815
0,0,0.0
0,0,0.0
0,0,0.0
0,0,0.0
0,0,0.0
0,0,0.0
0,0,0.0
0,0,0.0
0,0,0.0
0,0,0.0
0,0,0.0
0,0,0.0
0,0,0.0
0,0,0.0
0,0,0.0
0,0,0.0
0,0,0.0
1,1,2.207608310501746
0,0,0.0
0,0,0.0
0,0,0.0
0,0,0.0
0,0,0.0
0,0,0.0
0,0,0.0
0,0,0.0
0,0,0.0
0,0,0.0
0,0,0.0
0,0,0.0
0,0,0.0
0,0,0.0
0,0,0.0
0,0,0.0
0,0,0.0
0,0,0.0
0,0,0.0
0,0,0.0
0,0,0.0
0,0,0.0
0,0,0.0
1,1,2.283996656365201
0,0,0.0
0,0,0.0
0,0,0.0
0,0,0.0
0,0,0.0
0,0,0.0
0,0,0.0
0,0,0.0
0,0,0.0
0,0,0.0
0,0,0.0
0,0,0.0
0,0,0.0
0,0,0.0
1,1,2.3565473235138126
0,0,0.0
0,0,0.0
0,0,0.0
0,0,0.0
0,0,0.0
0,0,0.0
1,1,0.9523358053984401
0,0,0.0
0,0,0.0
0,0,0.0
0,0,0.0
0,0,0.0
0,0,0.0
0,0,0.0
0,0,0.0
0,0,0.0
0,0,0.0
0,0,0.0
0,0,0.0
0,0,0.0
0,0,0.0
0,0,0.0
0,0,0.0
0,0,0.0
0,0,0.0
0,0,0.0
0,0,0.0
0,0,0.0
0,0,0.0
0,0,0.0
0,0,0.0
0,0,0.0
0,0,0.0
0,0,0.0
0,0,0.0
0,0,0.0
0,0,0.0
0,0,0.0
0,0,0.0
0,0,0.0
0,0,0.0
0,0,0.0
0,0,0.0
0,0,0.0
0,0,0.0
0,0,0.0
0,0,0.0
0,0,0.0
0,0,0.0
1,1,2.2518119729937998
0,0,0.0
0,0,0.0
0,0,0.0
0,0,0.0
0,0,0.0
0,0,0.0
0,0,0.0
0,0,0.0
0,0,0.0
0,0,0.0
0,0,0.0
0,0,0.0
0,0,0.0
0,0,0.0
0,0,0.0
0,0,0.0
0,0,0.0
0,0,0.0
0,0,0.0
0,0,0.0
0,0,0.0
0,0,0.0
0,0,0.0
0,0,0.0
0,0,0.0
0,0,0.0
0,0,0.0
0,0,0.0
0,0,0.0
0,0,0.0
0,0,0.0
0,0,0.0
0,0,0.0
0,0,0.0
0,0,0.0
0,0,0.0
0,0,0.0
0,0,0.0
0,0,0.0
0,0,0.0
0,0,0.0
0,0,0.0
0,0,0.0
0,0,0.0
0,0,0.0
0,0,0.0
0,0,0.0
0,0,0.0
0,0,0.0
1,1,1.764471553092451
0,0,0.0
0,0,0.0
0,0,0.0
0,0,0.0
0,0,0.0
0,0,0.0
0,0,0.0
0,0,0.0
0,0,0.0
0,0,0.0
0,0,0.0
0,0,0.0
0,0,0.0
0,0,0.0
0,0,0.0
0,0,0.0
0,0,0.0
0,0,0.0
0,0,0.0
0,0,0.0
0,0,0.0
0,0,0.0
0,0,0.0
0,0,0.0
0,0,0.0
0,0,0.0
0,0,0.0
0,0,0.0
0,0,0.0
1,1,1.0268721464003012
0,0,0.0
0,0,0.0
0,0,0.0
0,0,0.0
0,0,0.0
0,0,0.0
0,0,0.0
0,0,0.0
0,0,0.0
0,0,0.0
0,0,0.0
0,0,0.0
0,0,0.0
0,0,0.0
0,0,0.0
0,0,0.0
0,0,0.0
0,0,0.0
1,2,4.93704216591549
0,0,0.0
0,0,0.0
0,0,0.0
0,0,0.0
0,0,0.0
0,0,0.0
0,0,0.0
0,0,0.0
0,0,0.0
0,0,0.0
0,0,0.0
1,1,2.619788758288394
0,0,0.0
0,0,0.0
0,0,0.0
0,0,0.0
0,0,0.0
0,0,0.0
0,0,0.0
0,0,0.0
0,0,0.0
0,0,0.0
0,0,0.0
0,0,0.0
0,0,0.0
0,0,0.0
1,1,1.0675262353228467
0,0,0.0
0,0,0.0
0,0,0.0
0,0,0.0
0,0,0.0
0,0,0.0
0,0,0.0
0,0,0.0
0,0,0.0
0,0,0.0
0,0,0.0
0,0,0.0
0,0,0.0
0,0,0.0
0,0,0.0
0,0,0.0
1,3,7.755079956087547
0,0,0.0
0,0,0.0
0,0,0.0
0,0,0.0
0,0,0.0
0,0,0.0
1,1,1.3767507096020997
0,0,0.0
0,0,0.0
0,0,0.0
0,0,0.0
0,0,0.0
0,0,0.0
0,0,0.0
0,0,0.0
0,0,0.0
0,0,0.0
0,0,0.0
0,0,0.0
0,0,0.0
0,0,0.0
0,0,0.0
0,0,0.0
0,0,0.0
0,0,0.0
0,0,0.0
0,0,0.0
0,0,0.0
0,0,0.0
0,0,0.0
0,0,0.0
0,0,0.0
0,0,0.0
1,1,1.2533658010624213
0,0,0.0
0,0,0.0
0,0,0.0
0,0,0.0
0,0,0.0
0,0,0.0
0,0,0.0
0,0,0.0
0,0,0.0
0,0,0.0
1,1,2.318758762624413
0,0,0.0
1,1,1.9665762445130504
0,0,0.0
0,0,0.0
0,0,0.0
0,0,0.0
0,0,0.0
0,0,0.0
0,0,0.0
0,0,0.0
0,0,0.0
0,0,0.0
0,0,0.0
0,0,0.0
1,1,1.2335871528876006
0,0,0.0
0,0,0.0
0,0,0.0
0,0,0.0
0,0,0.0
0,0,0.0
0,0,0.0
0,0,0.0
0,0,0.0
0,0,0.0
0,0,0.0
0,0,0.0
0,0,0.0
0,0,0.0
1,5,9.956999141190412
0,0,0.0
0,0,0.0
0,0,0.0
0,0,0.0
0,0,0.0
0,0,0.0
0,0,0.0
0,0,0.0
0,0,0.0
1,1,1.329754146925876
0,0,0.0
0,0,0.0
0,0,0.0
0,0,0.0
1,1,2.7958800173440754
0,0,0.0
0,0,0.0
0,0,0.0
0,0,0.0
0,0,0.0
0,0,0.0
0,0,0.0
0,0,0.0
0,0,0.0
0,0,0.0
1,1,1.2189630613788682
0,0,0.0
1,3,2.29644814946194
0,0,0.0
0,0,0.0
0,0,0.0
0,0,0.0
1,1,1.1123826996642638
0,0,0.0
0,0,0.0
0,0,0.0
0,0,0.0
0,0,0.0
0,0,0.0
0,0,0.0
0,0,0.0
0,0,0.0
0,0,0.0
0,0,0.0
0,0,0.0
0,0,0.0
0,0,0.0
1,1,1.6946486305533761
0,0,0.0
0,0,0.0
0,0,0.0
0,0,0.0
0,0,0.0
0,0,0.0
0,0,0.0
0,0,0.0
0,0,0.0
0,0,0.0
0,0,0.0
0,0,0.0
0,0,0.0
0,0,0.0
0,0,0.0
0,0,0.0
0,0,0.0
0,0,0.0
0,0,0.0
0,0,0.0
0,0,0.0
0,0,0.0
0,0,0.0
1,1,1.578396073130169
0,0,0.0
0,0,0.0
0,0,0.0
0,0,0.0
0,0,0.0
0,0,0.0
0,0,0.0
0,0,0.0
0,0,0.0
0,0,0.0
0,0,0.0
0,0,0.0
0,0,0.0
0,0,0.0
0,0,0.0
0,0,0.0
0,0,0.0
0,0,0.0
0,0,0.0
0,0,0.0
0,0,0.0
0,0,0.0
0,0,0.0
1,1,1.1713401034646802
0,0,0.0
0,0,0.0
1,1,1.6270879970298935
0,0,0.0
0,0,0.0
0,0,0.0
0,0,0.0
0,0,0.0
0,0,0.0
0,0,0.0
0,0,0.0
0,0,0.0
0,0,0.0
0,0,0.0
0,0,0.0
0,0,0.0
0,0,0.0
0,0,0.0
0,0,0.0
0,0,0.0
0,0,0.0
0,0,0.0
0,0,0.0
0,0,0.0
0,0,0.0
0,0,0.0
0,0,0.0
0,0,0.0
0,0,0.0
0,0,0.0
0,0,0.0
0,0,0.0
0,0,0.0
0,0,0.0
0,0,0.0
0,0,0.0
0,0,0.0
0,0,0.0
0,0,0.0
0,0,0.0
0,0,0.0
0,0,0.0
0,0,0.0
0,0,0.0
0,0,0.0
0,0,0.0
0,0,0.0
0,0,0.0
0,0,0.0
0,0,0.0
0,0,0.0
0,0,0.0
0,0,0.0
0,0,0.0
0,0,0.0
0,0,0.0
0,0,0.0
0,0,0.0
0,0,0.0
0,0,0.0
0,0,0.0
0,0,0.0
0,0,0.0
0,0,0.0
0,0,0.0
1,8,14.93168873303826
0,0,0.0
0,0,0.0
0,0,0.0
0,0,0.0
0,0,0.0
1,1,1.1752235375244542
0,0,0.0
0,0,0.0
1,2,2.113010968187795
0,0,0.0
0,0,0.0
0,0,0.0
0,0,0.0
0,0,0.0
0,0,0.0
0,0,0.0
0,0,0.0
0,0,0.0
0,0,0.0
0,0,0.0
0,0,0.0
0,0,0.0
0,0,0.0
0,0,0.0
0,0,0.0
0,0,0.0
0,0,0.0
1,2,2.0992702912477537
0,0,0.0
0,0,0.0
0,0,0.0
0,0,0.0
0,0,0.0
0,0,0.0
0,0,0.0
0,0,0.0
1,1,1.1844222516757328
0,0,0.0
0,0,0.0
0,0,0.0
0,0,0.0
0,0,0.0
0,0,0.0
0,0,0.0
0,0,0.0
0,0,0.0
0,0,0.0
1,1,1.8068754016455384
0,0,0.0
0,0,0.0
0,0,0.0
0,0,0.0
0,0,0.0
0,0,0.0
0,0,0.0
0,0,0.0
0,0,0.0
0,0,0.0
0,0,0.0
0,0,0.0
0,0,0.0
0,0,0.0
0,0,0.0
0,0,0.0
0,0,0.0
0,0,0.0
0,0,0.0
0,0,0.0
0,0,0.0
1,1,2.619788758288394
0,0,0.0
0,0,0.0
0,0,0.0
0,0,0.0
0,0,0.0
0,0,0.0
0,0,0.0
0,0,0.0
0,0,0.0
0,0,0.0
0,0,0.0
0,0,0.0
0,0,0.0
0,0,0.0
0,0,0.0
0,0,0.0
0,0,0.0
0,0,0.0
0,0,0.0
0,0,0.0
0,0,0.0
0,0,0.0
0,0,0.0
0,0,0.0
0,0,0.0
0,0,0.0
0,0,0.0
1,2,2.0857436046463738
0,0,0.0
0,0,0.0
0,0,0.0
0,0,0.0
0,0,0.0
0,0,0.0
0,0,0.0
0,0,0.0
0,0,0.0
0,0,0.0
0,0,0.0
0,0,0.0
0,0,0.0
0,0,0.0
0,0,0.0
0,0,0.0
0,0,0.0
0,0,0.0
0,0,0.0
0,0,0.0
1,2,4.07242434530889
0,0,0.0
1,1,2.036212172654445
0,0,0.0
0,0,0.0
0,0,0.0
0,0,0.0
0,0,0.0
0,0,0.0
0,0,0.0
0,0,0.0
0,0,0.0
0,0,0.0
0,0,0.0
0,0,0.0
0,0,0.0
0,0,0.0
1,1,1.106793246940152
0,0,0.0
0,0,0.0
1,2,1.9659333214024393
0,0,0.0
0,0,0.0
0,0,0.0
0,0,0.0
0,0,0.0
0,0,0.0
0,0,0.0
0,0,0.0
0,0,0.0
0,0,0.0
0,0,0.0
0,0,0.0
0,0,0.0
0,0,0.0
0,0,0.0
0,0,0.0
0,0,0.0
0,0,0.0
0,0,0.0
0,0,0.0
0,0,0.0
1,1,0.8309136425129773
0,0,0.0
0,0,0.0
0,0,0.0
0,0,0.0
0,0,0.0
0,0,0.0
0,0,0.0
0,0,0.0
0,0,0.0
0,0,0.0
0,0,0.0
0,0,0.0
0,0,0.0
0,0,0.0
0,0,0.0
0,0,0.0
0,0,0.0
0,0,0.0
0,0,0.0
0,0,0.0
0,0,0.0
0,0,0.0
0,0,0.0
1,2,4.93704216591549
0,0,0.0
0,0,0.0
0,0,0.0
0,0,0.0
0,0,0.0
0,0,0.0
0,0,0.0
0,0,0.0
0,0,0.0
0,0,0.0
0,0,0.0
0,0,0.0
0,0,0.0
0,0,0.0
1,2,1.6026858260911547
0,0,0.0
0,0,0.0
0,0,0.0
0,0,0.0
0,0,0.0
0,0,0.0
0,0,0.0
0,0,0.0
0,0,0.0
0,0,0.0
0,0,0.0
0,0,0.0
0,0,0.0
0,0,0.0
0,0,0.0
0,0,0.0
0,0,0.0
0,0,0.0
0,0,0.0
0,0,0.0
0,0,0.0
0,0,0.0
0,0,0.0
0,0,0.0
0,0,0.0
0,0,0.0
0,0,0.0
0,0,0.0
0,0,0.0
0,0,0.0
0,0,0.0
0,0,0.0
0,0,0.0
0,0,0.0
0,0,0.0
0,0,0.0
0,0,0.0
0,0,0.0
0,0,0.0
0,0,0.0
0,0,0.0
0,0,0.0
0,0,0.0
0,0,0.0
0,0,0.0
0,0,0.0
0,0,0.0
0,0,0.0
0,0,0.0
0,0,0.0
0,0,0.0
0,0,0.0
0,0,0.0
0,0,0.0
0,0,0.0
0,0,0.0
0,0,0.0
0,0,0.0
0,0,0.0
0,0,0.0
0,0,0.0
0,0,0.0
0,0,0.0
0,0,0.0
0,0,0.0
0,0,0.0
0,0,0.0
0,0,0.0
0,0,0.0
0,0,0.0
0,0,0.0
0,0,0.0
0,0,0.0
0,0,0.0
0,0,0.0
0,0,0.0
0,0,0.0
0,0,0.0
0,0,0.0
0,0,0.0
0,0,0.0
0,0,0.0
0,0,0.0
0,0,0.0
0,0,0.0
0,0,0.0
0,0,0.0
0,0,0.0
0,0,0.0
0,0,0.0
0,0,0.0
0,0,0.0
0,0,0.0
0,0,0.0
0,0,0.0
0,0,0.0
0,0,0.0
0,0,0.0
1,2,3.856235985387749
0,0,0.0
0,0,0.0
0,0,0.0
0,0,0.0
0,0,0.0
0,0,0.0
0,0,0.0
0,0,0.0
0,0,0.0
0,0,0.0
0,0,0.0
0,0,0.0
0,0,0.0
0,0,0.0
0,0,0.0
0,0,0.0
0,0,0.0
0,0,0.0
0,0,0.0
0,0,0.0
0,0,0.0
0,0,0.0
0,0,0.0
0,0,0.0
1,1,2.154901959985743
0,0,0.0
0,0,0.0
0,0,0.0
0,0,0.0
0,0,0.0
0,0,0.0
0,0,0.0
0,0,0.0
0,0,0.0
0,0,0.0
0,0,0.0
0,0,0.0
0,0,0.0
0,0,0.0
0,0,0.0
0,0,0.0
0,0,0.0
0,0,0.0
0,0,0.0
0,0,0.0
0,0,0.0
0,0,0.0
0,0,0.0
0,0,0.0
0,0,0.0
0,0,0.0
0,0,0.0
0,0,0.0
0,0,0.0
0,0,0.0
0,0,0.0
0,0,0.0
0,0,0.0
0,0,0.0
0,0,0.0
0,0,0.0
0,0,0.0
0,0,0.0
0,0,0.0
0,0,0.0
0,0,0.0
0,0,0.0
0,0,0.0
0,0,0.0
0,0,0.0
0,0,0.0
0,0,0.0
0,0,0.0
0,0,0.0
0,0,0.0
0,0,0.0
0,0,0.0
1,2,2.198173864524662
0,0,0.0
0,0,0.0
0,0,0.0
0,0,0.0
0,0,0.0
1,1,2.494850021680094
0,0,0.0
0,0,0.0
0,0,0.0
0,0,0.0
0,0,0.0
0,0,0.0
0,0,0.0
0,0,0.0
0,0,0.0
0,0,0.0
1,1,0.5313573316084887
0,0,0.0
0,0,0.0
0,0,0.0
0,0,0.0
0,0,0.0
0,0,0.0
1,3,4.117902430221802
0,0,0.0
0,0,0.0
0,0,0.0
0,0,0.0
0,0,0.0
0,0,0.0
0,0,0.0
0,0,0.0
0,0,0.0
0,0,0.0
